4 0.56953125 0.41328125 0.0390625 0.04765625
4 0.28046875 0.43984375 0.0546875 0.10859375
4 0.5921875 0.44609375 0.04375 0.07109375
7 0.134375 0.47578125 0.103125 0.13515625
4 0.51796875 0.48828125 0.0484375 0.07265625
4 0.53046875 0.52265625 0.0546875 0.075
1 0.86484375 0.54375 0.2234375 0.25
7 0.68203125 0.565625 0.1390625 0.21484375
4 0.55625 0.56796875 0.075 0.11484375
7 0.54140625 0.63203125 0.1046875 0.17734375
4 0.15703125 0.646875 0.1390625 0.19765625
4 0.8171875 0.715625 0.109375 0.22265625
4 0.5859375 0.77890625 0.165625 0.21640625
4 0.63125 0.90390625 0.18125 0.18359375