4 0.36953125 0.38125 0.0328125 0.05859375
4 0.4765625 0.38828125 0.04375 0.05234375
4 0.48984375 0.42421875 0.0546875 0.05234375
1 0.60390625 0.42421875 0.0671875 0.09765625
1 0.72109375 0.43359375 0.1359375 0.15
4 0.54296875 0.4375 0.0703125 0.07890625
4 0.353125 0.44140625 0.059375 0.07109375
4 0.5015625 0.48046875 0.053125 0.08515625
1 0.16953125 0.50546875 0.1546875 0.24765625
7 0.65078125 0.515625 0.0546875 0.11015625
4 0.878125 0.53671875 0.1 0.08125
4 0.5234375 0.54375 0.065625 0.10859375
1 0.721875 0.55078125 0.134375 0.21875
4 0.56171875 0.62578125 0.0921875 0.13984375
4 0.58984375 0.75859375 0.1296875 0.19140625
1 0.88203125 0.79375 0.2359375 0.4125