2 0.546875 0.365625 0.0625 0.08984375
4 0.48046875 0.39453125 0.0328125 0.04375
4 0.48828125 0.40703125 0.0328125 0.03125
4 0.553125 0.41328125 0.040625 0.04375
4 0.49765625 0.434375 0.0515625 0.05625
4 0.56484375 0.44375 0.0359375 0.05859375
4 0.50859375 0.47890625 0.0515625 0.08359375
2 0.65390625 0.51875 0.1453125 0.25
4 0.73203125 0.521875 0.0546875 0.08515625
4 0.53359375 0.55546875 0.0765625 0.09765625
4 0.2828125 0.61015625 0.090625 0.10390625
4 0.5703125 0.6875 0.103125 0.125
8 0.8796875 0.771875 0.240625 0.45625