4 0.38984375 0.284375 0.0234375 0.02734375
4 0.40546875 0.29453125 0.0265625 0.02734375
7 0.3421875 0.29609375 0.046875 0.06640625
4 0.40390625 0.309375 0.0296875 0.03125
4 0.390625 0.33671875 0.0375 0.03984375
7 0.59296875 0.35390625 0.0453125 0.08359375
1 0.55625 0.38671875 0.075 0.11875
4 0.503125 0.44140625 0.05625 0.07109375
4 0.51484375 0.51796875 0.0578125 0.10234375
4 0.77421875 0.53984375 0.0828125 0.1125
7 0.690625 0.58046875 0.1375 0.23984375
4 0.884375 0.63359375 0.128125 0.15859375
4 0.575 0.678125 0.103125 0.16015625
4 0.84375 0.840625 0.171875 0.23125
4 0.66171875 0.90625 0.1609375 0.1875