7 0.2703125 0.35859375 0.05 0.06640625
1 0.54453125 0.371875 0.0640625 0.10234375
4 0.35859375 0.39609375 0.0421875 0.05
4 0.484375 0.396875 0.0375 0.04765625
7 0.62265625 0.40234375 0.0484375 0.0625
4 0.57421875 0.44140625 0.0515625 0.0625
4 0.6609375 0.45 0.05 0.06640625
4 0.51953125 0.48125 0.0546875 0.07109375
7 0.7390625 0.50390625 0.084375 0.12890625
4 0.66796875 0.575 0.0859375 0.1125
4 0.54296875 0.58203125 0.0765625 0.09375
1 0.89765625 0.58984375 0.2046875 0.32109375
4 0.62421875 0.80078125 0.1453125 0.21875
4 0.22734375 0.80234375 0.1328125 0.15390625