0 0.4640625 0.33671875 0.04375 0.06484375
0 0.52578125 0.33671875 0.0515625 0.08125
4 0.46953125 0.359375 0.0265625 0.03125
4 0.38046875 0.36640625 0.0328125 0.04609375
7 0.2984375 0.39140625 0.046875 0.06640625
7 0.64375 0.40390625 0.0625 0.1
0 0.578125 0.415625 0.084375 0.12734375
4 0.48828125 0.41796875 0.0546875 0.06484375
7 0.2265625 0.41875 0.0625 0.0875
4 0.7328125 0.45390625 0.053125 0.075
4 0.67109375 0.46484375 0.0578125 0.06640625
4 0.509375 0.48125 0.059375 0.09140625
7 0.33671875 0.50703125 0.0609375 0.09375
7 0.09921875 0.53828125 0.0828125 0.09765625
8 0.8484375 0.55078125 0.215625 0.28515625
4 0.53046875 0.55859375 0.0609375 0.09609375
4 0.68359375 0.60859375 0.0953125 0.12109375
4 0.27265625 0.671875 0.0890625 0.12265625
4 0.5703125 0.68828125 0.1 0.17734375
4 0.68203125 0.915625 0.1765625 0.16875