4 0.3578125 0.37421875 0.0375 0.04375
4 0.490625 0.42109375 0.0375 0.05
4 0.51484375 0.44140625 0.0453125 0.05390625
4 0.26484375 0.44375 0.0484375 0.05390625
1 0.621875 0.45703125 0.1 0.14765625
4 0.5078125 0.471875 0.05625 0.06484375
4 0.52421875 0.53984375 0.0671875 0.1
1 0.8734375 0.60390625 0.153125 0.19609375
1 0.73515625 0.60546875 0.2046875 0.33984375
7 0.13125 0.634375 0.125 0.16484375
4 0.56015625 0.64609375 0.0921875 0.11640625
4 0.584375 0.76875 0.115625 0.17890625
4 0.65234375 0.90625 0.1546875 0.17890625