9 0.31328125 0.31796875 0.0328125 0.03984375
8 0.346875 0.32734375 0.05 0.06640625
8 0.26796875 0.34609375 0.0609375 0.07109375
10 0.528125 0.34609375 0.04375 0.075
4 0.38828125 0.34765625 0.0265625 0.03359375
4 0.47265625 0.35546875 0.0265625 0.03515625
10 0.5859375 0.36953125 0.05 0.07734375
4 0.37109375 0.37734375 0.0359375 0.04609375
2 0.30625 0.38515625 0.071875 0.1
10 0.21953125 0.40546875 0.0515625 0.08515625
10 0.346875 0.45546875 0.0625 0.07734375
4 0.6234375 0.50078125 0.0625 0.08984375
4 0.14296875 0.62109375 0.0984375 0.12109375