7 0.3890625 0.353125 0.034375 0.04765625
7 0.3125 0.35859375 0.04375 0.06640625
4 0.23125 0.396875 0.090625 0.09375
4 0.31015625 0.40546875 0.0453125 0.05625
4 0.37578125 0.40546875 0.0390625 0.05625
1 0.77109375 0.496875 0.1421875 0.16015625
1 0.21015625 0.528125 0.1640625 0.22265625
7 0.66953125 0.55 0.1078125 0.20859375
4 0.33046875 0.55390625 0.0828125 0.10390625
4 0.5171875 0.57109375 0.078125 0.10859375
1 0.92578125 0.575 0.1484375 0.17109375
4 0.553125 0.621875 0.09375 0.11484375
1 0.85546875 0.68515625 0.2265625 0.29609375
4 0.565625 0.71640625 0.1125 0.16640625
1 0.91015625 0.8328125 0.1796875 0.334375
4 0.72578125 0.87265625 0.1765625 0.25390625
4 0.61875 0.95 0.15 0.1