4 0.3875 0.35234375 0.025 0.03359375
1 0.30078125 0.38203125 0.0453125 0.07265625
7 0.62578125 0.384375 0.0546875 0.08984375
7 0.66015625 0.41171875 0.0703125 0.09765625
4 0.3640625 0.43359375 0.046875 0.05859375
1 0.7421875 0.50078125 0.084375 0.11015625
7 0.6296875 0.5125 0.075 0.15
7 0.66796875 0.55234375 0.0890625 0.17890625
1 0.87109375 0.57265625 0.1609375 0.1625
7 0.5234375 0.57890625 0.06875 0.1125
7 0.55625 0.634375 0.075 0.12734375
7 0.74765625 0.64140625 0.0796875 0.14609375
1 0.85703125 0.73359375 0.2203125 0.39140625
1 0.9265625 0.846875 0.146875 0.30625
7 0.61171875 0.875 0.1328125 0.25