5 0.39921875 0.31328125 0.0265625 0.03125
4 0.3828125 0.35703125 0.028125 0.03515625
4 0.47890625 0.37265625 0.0328125 0.04140625
7 0.25625 0.3875 0.053125 0.0625
4 0.48671875 0.409375 0.0390625 0.05234375
10 0.63984375 0.41015625 0.0390625 0.05390625
11 0.58984375 0.42265625 0.0859375 0.13359375
9 0.68515625 0.46015625 0.0640625 0.07890625
4 0.50703125 0.46953125 0.0453125 0.05625
4 0.7609375 0.546875 0.078125 0.09765625
4 0.65390625 0.55703125 0.0828125 0.10234375
4 0.58125 0.65 0.0875 0.12109375
10 0.91015625 0.65390625 0.1546875 0.21640625