4 0.59921875 0.37890625 0.0390625 0.04140625
5 0.28359375 0.38671875 0.0796875 0.11484375
4 0.37890625 0.39296875 0.0359375 0.04765625
4 0.48984375 0.403125 0.0359375 0.04765625
7 0.21875 0.40390625 0.053125 0.05859375
4 0.57265625 0.43203125 0.0421875 0.05234375
8 0.6671875 0.43359375 0.096875 0.12109375
9 0.16796875 0.45 0.0703125 0.09140625
4 0.5046875 0.45234375 0.046875 0.0625
4 0.621875 0.49765625 0.059375 0.06640625
9 0.08203125 0.53203125 0.1109375 0.13984375
4 0.68671875 0.58046875 0.0859375 0.11015625
4 0.30703125 0.64375 0.0859375 0.10859375
4 0.584375 0.72890625 0.10625 0.17109375