4 0.36953125 0.33046875 0.0234375 0.03125
7 0.2796875 0.35859375 0.0375 0.0625
1 0.325 0.36640625 0.0625 0.08359375
7 0.6296875 0.37578125 0.071875 0.12265625
4 0.38046875 0.38671875 0.0359375 0.04765625
7 0.553125 0.3875 0.046875 0.0875
4 0.57109375 0.42421875 0.0328125 0.05234375
4 0.34140625 0.42890625 0.0453125 0.05859375
7 0.671875 0.43359375 0.065625 0.125
4 0.5953125 0.44765625 0.04375 0.06640625
4 0.50234375 0.4625 0.0390625 0.0625
4 0.5171875 0.49453125 0.059375 0.08125
4 0.28046875 0.503125 0.0796875 0.11015625
7 0.62265625 0.509375 0.0671875 0.13515625
7 0.790625 0.52734375 0.109375 0.17109375
4 0.53046875 0.534375 0.0640625 0.08515625
7 0.66796875 0.54921875 0.1078125 0.20234375
4 0.55859375 0.57734375 0.0703125 0.10390625
7 0.5359375 0.62265625 0.08125 0.15859375
4 0.29453125 0.65078125 0.0984375 0.12734375
7 0.76484375 0.65078125 0.0984375 0.16015625
1 0.86328125 0.734375 0.2296875 0.38984375
4 0.5734375 0.74140625 0.1 0.175
4 0.61328125 0.86171875 0.1359375 0.20625
4 0.64296875 0.95078125 0.1515625 0.09765625