1 0.3625 0.30234375 0.05 0.08359375
4 0.3046875 0.340625 0.059375 0.05625
4 0.2828125 0.375 0.040625 0.05390625
1 0.6359375 0.39296875 0.09375 0.11015625
4 0.69296875 0.41328125 0.0359375 0.06484375
7 0.27265625 0.44765625 0.1421875 0.14609375
1 0.80390625 0.471875 0.2046875 0.21875
4 0.51796875 0.49375 0.0640625 0.08359375
7 0.62265625 0.50625 0.0765625 0.1375
4 0.5296875 0.525 0.059375 0.07109375
7 0.66875 0.55 0.134375 0.20390625
4 0.5625 0.571875 0.08125 0.11484375
7 0.53515625 0.63359375 0.0953125 0.175
7 0.74140625 0.64375 0.0453125 0.1375
4 0.58671875 0.728125 0.1234375 0.13515625
7 0.8703125 0.75546875 0.234375 0.43515625
4 0.6140625 0.87890625 0.15625 0.24140625