1 0.23984375 0.38046875 0.0828125 0.13125
4 0.3140625 0.390625 0.0375 0.04765625
9 0.58125 0.40546875 0.059375 0.10234375
4 0.6265625 0.41171875 0.034375 0.06015625
3 0.49140625 0.415625 0.0390625 0.06875
7 0.25546875 0.43828125 0.0484375 0.06015625
10 0.684375 0.43828125 0.053125 0.05234375
9 0.61953125 0.471875 0.0671875 0.08984375
4 0.5125 0.47890625 0.046875 0.06640625
4 0.33203125 0.50859375 0.0640625 0.10390625
8 0.79765625 0.52421875 0.1421875 0.24765625
4 0.2203125 0.53046875 0.0625 0.07265625
4 0.53515625 0.58046875 0.0703125 0.11015625
11 0.73984375 0.61875 0.2515625 0.32109375
4 0.6109375 0.76640625 0.121875 0.17890625
4 0.2765625 0.78125 0.109375 0.1375
4 0.0625 0.83828125 0.125 0.16015625