4 0.38046875 0.37421875 0.0359375 0.05625
10 0.60703125 0.38203125 0.0390625 0.06875
4 0.3171875 0.396875 0.0375 0.04765625
4 0.496875 0.40390625 0.040625 0.05859375
4 0.3609375 0.446875 0.04375 0.05234375
1 0.1640625 0.44921875 0.146875 0.19765625
4 0.2703125 0.46953125 0.05625 0.07265625
4 0.6109375 0.5125 0.0625 0.0875
4 0.3375 0.528125 0.06875 0.08515625
9 0.7109375 0.578125 0.128125 0.23984375
10 0.8546875 0.603125 0.109375 0.13984375
3 0.56015625 0.63046875 0.0921875 0.15625
1 0.09609375 0.67578125 0.1921875 0.30625
9 0.81640625 0.728125 0.1515625 0.23515625
4 0.2484375 0.75703125 0.11875 0.16875