7 0.278125 0.35234375 0.05 0.06640625
1 0.54453125 0.371875 0.0640625 0.10234375
4 0.59453125 0.37734375 0.0390625 0.05
4 0.35859375 0.39609375 0.0421875 0.05
7 0.62421875 0.40390625 0.0484375 0.0625
4 0.490625 0.41171875 0.0375 0.04765625
4 0.57421875 0.44140625 0.0515625 0.0625
4 0.6609375 0.45 0.05 0.06640625
4 0.51953125 0.48125 0.0546875 0.07109375
7 0.7390625 0.50390625 0.084375 0.12890625
4 0.54296875 0.58203125 0.0765625 0.09375
7 0.05 0.58359375 0.1 0.17109375
4 0.67578125 0.5875 0.0859375 0.1125
1 0.89765625 0.58984375 0.2046875 0.32109375
4 0.26015625 0.71640625 0.1109375 0.14140625
4 0.64765625 0.82265625 0.1578125 0.22890625