4 0.31875 0.390625 0.0375 0.04765625
4 0.63046875 0.41171875 0.0359375 0.04765625
9 0.58671875 0.41640625 0.0640625 0.10390625
3 0.4921875 0.42109375 0.04375 0.07109375
7 0.26171875 0.43828125 0.0484375 0.06015625
10 0.6921875 0.446875 0.06875 0.06875
9 0.61953125 0.471875 0.0671875 0.08984375
4 0.51484375 0.49609375 0.0515625 0.0625
4 0.33984375 0.49765625 0.0640625 0.10390625
4 0.23125 0.51953125 0.0625 0.07265625
8 0.81171875 0.52109375 0.1421875 0.2375
4 0.54140625 0.59609375 0.0859375 0.1125
11 0.74609375 0.65625 0.2671875 0.36640625
4 0.28671875 0.734375 0.1046875 0.12734375
4 0.0796875 0.78203125 0.1375 0.16015625
4 0.6265625 0.82109375 0.134375 0.20859375