1 0.34609375 0.32421875 0.0453125 0.08125
4 0.3890625 0.35234375 0.03125 0.04140625
4 0.62421875 0.37578125 0.0703125 0.11015625
7 0.55234375 0.3875 0.0515625 0.09140625
4 0.2546875 0.38828125 0.0375 0.04375
4 0.49375 0.40234375 0.0375 0.05
4 0.571875 0.42421875 0.034375 0.05234375
4 0.2359375 0.44296875 0.04375 0.04765625
4 0.59453125 0.45234375 0.0453125 0.075
4 0.5046875 0.46484375 0.046875 0.06640625
1 0.77421875 0.48828125 0.1828125 0.25234375
4 0.51640625 0.49765625 0.0609375 0.08359375
7 0.6234375 0.51171875 0.071875 0.13125
4 0.53203125 0.53125 0.0578125 0.0875
7 0.6703125 0.54375 0.109375 0.20859375
4 0.53828125 0.63515625 0.0890625 0.16640625
7 0.90625 0.63515625 0.18125 0.26640625
4 0.58046875 0.73984375 0.1078125 0.17109375
1 0.8578125 0.75390625 0.225 0.42890625
4 0.61328125 0.86328125 0.1421875 0.22265625
4 0.6421875 0.9484375 0.15 0.103125