4 0.3953125 0.31328125 0.028125 0.03515625
1 0.58046875 0.32265625 0.0578125 0.075
4 0.48046875 0.35859375 0.0296875 0.03359375
7 0.3 0.3625 0.05625 0.075
1 0.59609375 0.36640625 0.0484375 0.08359375
7 0.55 0.37890625 0.059375 0.075
4 0.48203125 0.3875 0.0359375 0.02890625
7 0.63828125 0.4 0.0546875 0.09140625
7 0.35078125 0.41015625 0.0640625 0.13359375
4 0.5671875 0.421875 0.04375 0.04765625
4 0.50078125 0.428125 0.0515625 0.03984375
7 0.27734375 0.428125 0.0609375 0.08984375
7 0.69921875 0.44375 0.0921875 0.15
4 0.59140625 0.44453125 0.0609375 0.06875
4 0.51015625 0.465625 0.0546875 0.02734375
7 0.61796875 0.509375 0.0671875 0.13984375
7 0.51328125 0.51640625 0.0765625 0.09609375
7 0.6703125 0.53515625 0.10625 0.18359375
4 0.54296875 0.6125 0.0921875 0.11640625
7 0.94765625 0.61953125 0.1046875 0.15234375
7 0.72890625 0.63203125 0.0578125 0.14375
7 0.8421875 0.696875 0.203125 0.32265625
4 0.58828125 0.7625 0.1390625 0.175
7 0.92265625 0.8453125 0.1484375 0.309375
4 0.63671875 0.9421875 0.1546875 0.115625