7 0.371875 0.29921875 0.03125 0.04375
7 0.40546875 0.30546875 0.0328125 0.03515625
4 0.38828125 0.334375 0.0359375 0.03125
4 0.3859375 0.36953125 0.04375 0.05234375
4 0.5203125 0.38671875 0.034375 0.06015625
7 0.2875 0.40078125 0.084375 0.14375
7 0.61953125 0.43671875 0.0828125 0.10625
4 0.484375 0.44375 0.040625 0.06640625
1 0.74453125 0.465625 0.1796875 0.20234375
4 0.5796875 0.49609375 0.06875 0.08359375
4 0.51015625 0.49921875 0.0671875 0.08515625
7 0.07890625 0.52890625 0.1171875 0.15
7 0.69375 0.54453125 0.084375 0.12734375
4 0.5375 0.59140625 0.090625 0.1375
1 0.7765625 0.6125 0.178125 0.28359375
4 0.15078125 0.65234375 0.1078125 0.10859375
4 0.58671875 0.69453125 0.1140625 0.15625
1 0.865625 0.79140625 0.26875 0.41640625
4 0.62109375 0.87265625 0.1484375 0.25