8 0.62734375 0.37734375 0.0578125 0.0875
4 0.37265625 0.390625 0.0359375 0.04375
2 0.571875 0.39140625 0.071875 0.11640625
4 0.25390625 0.39296875 0.0421875 0.05234375
4 0.49375 0.39453125 0.034375 0.04375
4 0.509375 0.4625 0.05 0.05390625
8 0.725 0.475 0.115625 0.15859375
10 0.61875 0.496875 0.071875 0.12265625
4 0.53203125 0.540625 0.0609375 0.08125
4 0.31953125 0.54609375 0.0734375 0.07890625
4 0.87578125 0.57578125 0.0859375 0.10625
9 0.70234375 0.57734375 0.1328125 0.2375
4 0.59296875 0.715625 0.1078125 0.15234375
9 0.8796875 0.815625 0.240625 0.36875