4 0.36875 0.38515625 0.034375 0.04140625
4 0.478125 0.38515625 0.03125 0.04609375
9 0.5609375 0.390625 0.046875 0.08125
4 0.634375 0.42734375 0.046875 0.05859375
4 0.5109375 0.44140625 0.04375 0.05859375
5 0.06875 0.52890625 0.1375 0.25
4 0.53125 0.53359375 0.059375 0.08359375
4 0.753125 0.53359375 0.075 0.08359375
4 0.30625 0.54765625 0.06875 0.08359375
4 0.6609375 0.56015625 0.075 0.09609375
4 0.73828125 0.66875 0.0984375 0.14609375
7 0.934375 0.68125 0.13125 0.24140625
4 0.584375 0.69765625 0.09375 0.15390625