4 0.4015625 0.3125 0.028125 0.0375
4 0.36875 0.31875 0.03125 0.02890625
7 0.3109375 0.325 0.05625 0.0875
4 0.3875 0.34140625 0.040625 0.05
1 0.540625 0.37109375 0.071875 0.1
4 0.36953125 0.4 0.0515625 0.06640625
4 0.653125 0.425 0.046875 0.0625
7 0.6 0.44609375 0.084375 0.125
4 0.69140625 0.45546875 0.0578125 0.08125
4 0.528125 0.515625 0.06875 0.08984375
4 0.63984375 0.53828125 0.0734375 0.10625
4 0.8203125 0.55 0.0875 0.11640625
4 0.55234375 0.603125 0.0859375 0.12734375
4 0.28828125 0.61015625 0.1140625 0.16640625
1 0.9046875 0.67109375 0.190625 0.35390625
4 0.58828125 0.784375 0.1203125 0.19765625
4 0.9 0.87890625 0.2 0.24140625
4 0.36328125 0.88359375 0.0015625 0.0125