7 0.59609375 0.3625 0.0609375 0.08359375
7 0.55625 0.38828125 0.053125 0.08984375
7 0.6390625 0.39375 0.0625 0.0875
7 0.2546875 0.40234375 0.059375 0.10390625
4 0.49296875 0.40390625 0.0296875 0.025
4 0.5015625 0.42421875 0.040625 0.02734375
4 0.57421875 0.42421875 0.0359375 0.04765625
4 0.59609375 0.434375 0.0328125 0.04375
7 0.69609375 0.440625 0.0859375 0.12734375
4 0.50390625 0.44765625 0.0359375 0.025
7 0.3296875 0.484375 0.09375 0.17734375
7 0.51875 0.5 0.05625 0.09140625
7 0.221875 0.50078125 0.065625 0.10625
7 0.63515625 0.51328125 0.0984375 0.13125
7 0.7921875 0.546875 0.1125 0.08515625
7 0.67265625 0.55234375 0.1046875 0.1875
4 0.534375 0.596875 0.06875 0.11875
1 0.93671875 0.61171875 0.1265625 0.13515625
7 0.7375 0.63984375 0.0625 0.14140625
1 0.8515625 0.69609375 0.2 0.3125
4 0.58203125 0.74140625 0.0921875 0.17890625
1 0.928125 0.84375 0.14375 0.3125
4 0.6421875 0.93203125 0.146875 0.13515625