4 0.4796875 0.37421875 0.034375 0.03984375
9 0.55234375 0.38359375 0.0484375 0.09140625
4 0.48984375 0.40546875 0.0421875 0.05625
11 0.63828125 0.41640625 0.0890625 0.09609375
4 0.5140625 0.42734375 0.040625 0.05
7 0.26640625 0.4375 0.0671875 0.10390625
4 0.16875 0.475 0.059375 0.06640625
3 0.51171875 0.475 0.0640625 0.1125
4 0.76875 0.48046875 0.065625 0.07734375
4 0.85625 0.54453125 0.08125 0.08984375
9 0.65859375 0.55625 0.1140625 0.16640625
9 0.7921875 0.58828125 0.115625 0.13515625
4 0.55546875 0.6 0.0828125 0.12109375
10 0.95 0.734375 0.1 0.20234375
4 0.79921875 0.76015625 0.1296875 0.17890625
4 0.62890625 0.84921875 0.1421875 0.22265625