4 0.39296875 0.32109375 0.0234375 0.025
1 0.58203125 0.328125 0.0546875 0.07265625
7 0.34140625 0.33203125 0.0453125 0.07265625
1 0.5296875 0.33984375 0.05 0.09609375
0 0.4796875 0.34375 0.053125 0.08359375
4 0.38671875 0.35234375 0.0296875 0.02890625
7 0.29140625 0.36328125 0.0421875 0.06015625
4 0.378125 0.37734375 0.034375 0.0375
4 0.640625 0.40234375 0.0375 0.075
4 0.48984375 0.41171875 0.0484375 0.05625
4 0.27265625 0.43828125 0.0453125 0.05625
1 0.6 0.44296875 0.096875 0.17734375
1 0.71875 0.4625 0.121875 0.17109375
4 0.35625 0.46953125 0.053125 0.06875
4 0.2359375 0.4875 0.0625 0.1125
7 0.1203125 0.50703125 0.10625 0.13125
7 0.90859375 0.61171875 0.1828125 0.19375
4 0.56015625 0.62578125 0.0859375 0.13515625
4 0.26796875 0.70078125 0.1171875 0.14375
4 0.775 0.70546875 0.115625 0.17265625
1 0.896875 0.8171875 0.20625 0.365625