7 0.3734375 0.37109375 0.03125 0.04140625
7 0.65546875 0.42109375 0.0671875 0.10390625
4 0.5984375 0.44453125 0.040625 0.05625
7 0.15 0.47109375 0.071875 0.09609375
4 0.51328125 0.47578125 0.0453125 0.06015625
4 0.3484375 0.47734375 0.059375 0.0875
7 0.7484375 0.48671875 0.09375 0.14765625
4 0.5328125 0.52265625 0.053125 0.05859375
7 0.66484375 0.52265625 0.1328125 0.15390625
7 0.6671875 0.546875 0.09375 0.20234375
7 0.84921875 0.56484375 0.1390625 0.2
4 0.325 0.56640625 0.103125 0.14140625
4 0.55859375 0.56953125 0.0578125 0.11484375
7 0.5328125 0.62265625 0.06875 0.15859375
1 0.1609375 0.70703125 0.203125 0.45234375
4 0.58359375 0.72109375 0.1140625 0.15
1 0.85078125 0.740625 0.2328125 0.38125
4 0.61484375 0.83828125 0.1203125 0.15234375
1 0.9296875 0.84375 0.128125 0.2875
4 0.63671875 0.953125 0.1078125 0.09375