7 0.5546875 0.38671875 0.046875 0.07265625
4 0.49453125 0.39765625 0.0359375 0.03359375
4 0.3671875 0.40078125 0.0375 0.04375
4 0.62421875 0.40390625 0.0609375 0.05
4 0.48984375 0.41640625 0.0328125 0.04140625
4 0.57265625 0.421875 0.0390625 0.04765625
4 0.29296875 0.428125 0.0484375 0.05625
4 0.4984375 0.42890625 0.0375 0.03359375
4 0.50390625 0.46640625 0.0453125 0.07109375
5 0.7390625 0.47578125 0.13125 0.15234375
4 0.340625 0.478125 0.05 0.07265625
5 0.0890625 0.49921875 0.134375 0.16875
4 0.246875 0.503125 0.05625 0.06875
4 0.6375 0.53125 0.075 0.0875
4 0.52109375 0.53828125 0.0578125 0.08515625
4 0.86015625 0.54921875 0.0796875 0.08125
7 0.81640625 0.60625 0.0984375 0.10859375
4 0.56015625 0.62265625 0.0796875 0.10390625
4 0.12734375 0.675 0.0953125 0.1125
4 0.92265625 0.721875 0.1234375 0.13515625
4 0.78203125 0.74609375 0.1234375 0.17109375
4 0.65390625 0.83359375 0.1328125 0.2