4 0.39296875 0.33828125 0.0296875 0.03984375
1 0.27734375 0.35546875 0.0453125 0.07265625
7 0.60625 0.36875 0.053125 0.09140625
4 0.37265625 0.37578125 0.0359375 0.06015625
1 0.3125 0.38046875 0.06875 0.10625
7 0.6359375 0.39453125 0.075 0.10625
4 0.7125 0.42578125 0.059375 0.07265625
7 0.69921875 0.47421875 0.0640625 0.08984375
7 0.2234375 0.47578125 0.0875 0.13984375
4 0.3453125 0.47578125 0.075 0.07734375
7 0.51875 0.49375 0.06875 0.07890625
7 0.61953125 0.50546875 0.0609375 0.13125
1 0.81640625 0.525 0.1328125 0.14140625
7 0.6703125 0.5625 0.103125 0.19609375
7 0.1390625 0.56875 0.103125 0.1875
4 0.521875 0.57109375 0.059375 0.09609375
4 0.5625 0.615625 0.103125 0.11015625
1 0.96875 0.62578125 0.0625 0.13515625
7 0.7390625 0.63046875 0.065625 0.11875
1 0.84375 0.72421875 0.209375 0.34375
4 0.5703125 0.75390625 0.1 0.20390625
1 0.93125 0.8375 0.1375 0.325
4 0.73671875 0.9015625 0.1640625 0.196875
4 0.17578125 0.9625 0.1734375 0.075