4 0.34296875 0.36484375 0.0390625 0.05390625
7 0.23125 0.38671875 0.071875 0.08125
1 0.66640625 0.41171875 0.1015625 0.11875
4 0.35546875 0.45390625 0.0515625 0.07890625
4 0.603125 0.45390625 0.065625 0.0875
4 0.51171875 0.4625 0.0640625 0.0625
4 0.51953125 0.4875 0.0484375 0.06640625
4 0.63515625 0.50859375 0.0859375 0.125
4 0.275 0.52890625 0.065625 0.08359375
4 0.53046875 0.53046875 0.0609375 0.07265625
1 0.8890625 0.6 0.221875 0.38359375
4 0.58671875 0.60546875 0.0828125 0.11875
7 0.71328125 0.60546875 0.1453125 0.22265625
7 0.55 0.65625 0.084375 0.16640625
4 0.61953125 0.9 0.1453125 0.2