5 0.31015625 0.35546875 0.0640625 0.09765625
4 0.55859375 0.40625 0.0359375 0.04609375
8 0.6421875 0.41015625 0.078125 0.10859375
5 0.259375 0.41796875 0.096875 0.14375
4 0.4953125 0.41875 0.040625 0.05
4 0.3640625 0.4375 0.046875 0.0625
7 0.1796875 0.44296875 0.065625 0.07734375
4 0.59296875 0.45390625 0.0484375 0.05859375
9 0.10546875 0.50625 0.0921875 0.11640625
4 0.64453125 0.521875 0.0703125 0.08984375
4 0.5515625 0.60859375 0.075 0.11640625
9 0.91640625 0.68828125 0.1609375 0.21484375
4 0.76484375 0.76953125 0.1265625 0.15625
7 0.646875 0.884375 0.153125 0.22265625