7 0.36875 0.303125 0.040625 0.05234375
7 0.403125 0.30703125 0.028125 0.04375
4 0.3796875 0.36796875 0.04375 0.05625
7 0.2765625 0.41015625 0.1 0.125
7 0.6125 0.4375 0.0625 0.12109375
4 0.4859375 0.446875 0.053125 0.06875
1 0.7421875 0.45390625 0.16875 0.17890625
4 0.571875 0.4875 0.075 0.10390625
4 0.50390625 0.49296875 0.0609375 0.08515625
7 0.67890625 0.53125 0.0578125 0.10859375
7 0.0625 0.55 0.125 0.17890625
4 0.5359375 0.58671875 0.084375 0.11484375
1 0.75546875 0.6 0.1578125 0.26640625
4 0.57890625 0.68046875 0.1015625 0.15234375
4 0.1328125 0.68984375 0.11875 0.12109375
1 0.86953125 0.7765625 0.2609375 0.446875
4 0.61796875 0.8375 0.1515625 0.24609375