7 0.328125 0.31015625 0.034375 0.0625
4 0.3703125 0.31796875 0.0375 0.03515625
4 0.3796875 0.34609375 0.03125 0.0375
4 0.3234375 0.38515625 0.05625 0.075
7 0.66640625 0.38515625 0.1140625 0.09140625
7 0.575 0.39296875 0.096875 0.11875
4 0.515625 0.45 0.053125 0.05859375
7 0.265625 0.46328125 0.0875 0.12265625
4 0.77734375 0.46640625 0.0671875 0.09140625
1 0.6421875 0.49140625 0.1625 0.17890625
4 0.515625 0.49296875 0.078125 0.08125
4 0.5390625 0.56796875 0.10625 0.11484375
7 0.03203125 0.603125 0.0640625 0.24375
4 0.57265625 0.68125 0.1515625 0.13359375
1 0.803125 0.703125 0.340625 0.48125
1 0.940625 0.71015625 0.11875 0.32890625
4 0.25390625 0.76015625 0.1328125 0.19140625
4 0.60234375 0.83125 0.1734375 0.2125
1 0.03828125 0.90703125 0.0765625 0.18515625
4 0.66328125 0.9265625 0.1484375 0.146875