7 0.5546875 0.38671875 0.046875 0.07265625
4 0.49453125 0.39765625 0.0359375 0.03359375
4 0.36328125 0.40546875 0.0453125 0.05234375
4 0.61640625 0.40546875 0.0484375 0.04375
4 0.48984375 0.41640625 0.0328125 0.04140625
4 0.57265625 0.421875 0.0390625 0.04765625
4 0.4984375 0.42890625 0.0375 0.03359375
4 0.28359375 0.446875 0.0484375 0.05625
4 0.50390625 0.46640625 0.0453125 0.07109375
5 0.7359375 0.47578125 0.125 0.15234375
4 0.33359375 0.48828125 0.0546875 0.07734375
4 0.63359375 0.51640625 0.0671875 0.0875
5 0.0734375 0.51796875 0.146875 0.18125
4 0.52109375 0.52265625 0.0578125 0.0875
4 0.2359375 0.525 0.06875 0.07890625
4 0.84375 0.52890625 0.071875 0.075
7 0.809375 0.59609375 0.096875 0.10390625
4 0.56015625 0.61875 0.0796875 0.10390625
4 0.91796875 0.71640625 0.1171875 0.12890625
4 0.771875 0.73203125 0.115625 0.16015625
4 0.08828125 0.734375 0.1234375 0.13515625
4 0.65390625 0.82265625 0.1328125 0.2
7 0.90078125 0.865625 0.1984375 0.26875