5 0.38125 0.36875 0.034375 0.04140625
5 0.325 0.37109375 0.0375 0.04609375
5 0.28046875 0.37578125 0.0390625 0.04765625
5 0.49609375 0.39765625 0.0359375 0.04609375
4 0.50390625 0.45078125 0.0421875 0.06015625
4 0.66484375 0.453125 0.0546875 0.06484375
4 0.60546875 0.478125 0.0546875 0.07265625
10 0.76171875 0.51640625 0.0953125 0.15859375
4 0.528125 0.52421875 0.0625 0.09765625
4 0.6453125 0.534375 0.06875 0.10234375
4 0.31875 0.54609375 0.06875 0.1
9 0.72109375 0.62890625 0.1328125 0.2125
10 0.890625 0.675 0.140625 0.15
4 0.62265625 0.79140625 0.1265625 0.2