5 0.38828125 0.334375 0.0265625 0.03125
1 0.5625 0.39453125 0.065625 0.11015625
7 0.61328125 0.396875 0.0390625 0.06484375
4 0.36171875 0.41328125 0.0453125 0.03984375
7 0.6546875 0.42578125 0.05625 0.07265625
7 0.2046875 0.42890625 0.059375 0.07890625
4 0.4984375 0.4375 0.040625 0.05859375
4 0.6171875 0.50234375 0.065625 0.07109375
4 0.71015625 0.50234375 0.0609375 0.07109375
4 0.5515625 0.56484375 0.06875 0.0875
7 0.82578125 0.58125 0.1265625 0.17109375
4 0.58828125 0.74375 0.1078125 0.14609375
4 0.80078125 0.77890625 0.1484375 0.19140625