7 0.90546875 0.35234375 0.0015625 0.00390625
1 0.61484375 0.378125 0.0546875 0.08125
7 0.55625 0.37890625 0.05625 0.08359375
4 0.48359375 0.38046875 0.0421875 0.03125
4 0.24453125 0.40625 0.0484375 0.07109375
4 0.56875 0.41875 0.034375 0.04609375
7 0.68125 0.42421875 0.0625 0.09375
4 0.3546875 0.42734375 0.05 0.0625
4 0.50078125 0.43671875 0.0578125 0.04765625
4 0.590625 0.43828125 0.0375 0.03984375
4 0.26171875 0.471875 0.0671875 0.06015625
4 0.50625 0.475 0.06875 0.06640625
7 0.75546875 0.48828125 0.1109375 0.14765625
4 0.34375 0.5 0.065625 0.075
4 0.528125 0.515625 0.084375 0.05234375
7 0.66953125 0.53984375 0.0859375 0.18359375
7 0.5984375 0.58046875 0.003125 0.00234375
7 0.5296875 0.6 0.096875 0.15
7 0.73203125 0.63203125 0.0546875 0.13984375
4 0.5796875 0.70859375 0.1125 0.125
4 0.70078125 0.71796875 0.0015625 0.00234375
7 0.72734375 0.771875 0.0015625 0.00625
4 0.60390625 0.846875 0.1609375 0.18984375
4 0.64453125 0.95 0.1578125 0.1