1 0.36328125 0.29765625 0.0453125 0.06640625
7 0.32578125 0.35546875 0.0546875 0.07734375
7 0.38359375 0.36953125 0.0546875 0.08515625
1 0.6875 0.39921875 0.10625 0.11015625
4 0.52734375 0.40078125 0.0515625 0.07265625
7 0.590625 0.4125 0.06875 0.10390625
4 0.775 0.46328125 0.075 0.09375
4 0.32734375 0.48984375 0.0640625 0.08359375
4 0.63046875 0.49140625 0.0484375 0.10859375
4 0.5140625 0.51328125 0.071875 0.09375
7 0.69609375 0.51875 0.1265625 0.19609375
4 0.90078125 0.56484375 0.1078125 0.1
4 0.5484375 0.59140625 0.09375 0.10859375
4 0.2640625 0.69921875 0.125 0.16015625
4 0.57890625 0.7 0.1109375 0.17109375
1 0.8140625 0.70546875 0.3 0.44765625
4 0.628125 0.9078125 0.16875 0.184375