1 0.59765625 0.34375 0.0515625 0.1
1 0.540625 0.35703125 0.059375 0.11015625
0 0.48671875 0.365625 0.0546875 0.09765625
4 0.63515625 0.36796875 0.0359375 0.05234375
4 0.37734375 0.371875 0.0328125 0.04765625
4 0.23984375 0.39609375 0.0515625 0.08359375
4 0.296875 0.40078125 0.05625 0.09375
4 0.35703125 0.43984375 0.0578125 0.0625
4 0.50390625 0.45703125 0.0546875 0.08515625
1 0.6453125 0.50546875 0.134375 0.22265625
1 0.7890625 0.51328125 0.1625 0.22265625
4 0.68125 0.91640625 0.16875 0.16640625