7 0.28515625 0.34609375 0.0328125 0.05
1 0.609375 0.35625 0.065625 0.10859375
4 0.47578125 0.36796875 0.0296875 0.03125
1 0.54453125 0.375 0.0578125 0.08359375
4 0.32578125 0.38203125 0.0359375 0.05234375
4 0.48984375 0.384375 0.0390625 0.04765625
4 0.49140625 0.41875 0.0390625 0.04140625
4 0.58984375 0.45859375 0.0484375 0.05859375
4 0.51171875 0.47421875 0.0515625 0.07265625
4 0.7828125 0.54375 0.046875 0.075
1 0.71171875 0.56796875 0.1984375 0.34375
4 0.175 0.60234375 0.0875 0.1125
0 0.90234375 0.65703125 0.1953125 0.32734375
4 0.5703125 0.67734375 0.090625 0.125