5 0.34140625 0.340625 0.0296875 0.03515625
9 0.26796875 0.35078125 0.0640625 0.07734375
4 0.38515625 0.36640625 0.0296875 0.0375
4 0.328125 0.371875 0.025 0.03984375
9 0.29375 0.40546875 0.05625 0.09375
4 0.49140625 0.40546875 0.0328125 0.04765625
8 0.66171875 0.40625 0.0734375 0.14140625
11 0.59921875 0.428125 0.1046875 0.16015625
4 0.359375 0.44765625 0.05 0.05859375
4 0.509375 0.465625 0.05 0.07265625
1 0.11640625 0.47421875 0.1765625 0.22734375
4 0.2359375 0.51015625 0.0625 0.07109375
4 0.32578125 0.540625 0.0703125 0.07265625
4 0.5640625 0.671875 0.09375 0.13125
7 0.0640625 0.68984375 0.121875 0.14140625
8 0.834375 0.70625 0.259375 0.4375