4 0.39140625 0.35234375 0.0265625 0.0375
5 0.3078125 0.35859375 0.0625 0.09609375
7 0.25546875 0.37421875 0.0421875 0.05234375
4 0.5890625 0.37421875 0.028125 0.03984375
4 0.54375 0.37578125 0.03125 0.04765625
9 0.22421875 0.40234375 0.0515625 0.075
4 0.62578125 0.40625 0.0453125 0.05390625
4 0.49921875 0.4375 0.0453125 0.05859375
9 0.1734375 0.44296875 0.075 0.08984375
4 0.3625 0.46015625 0.04375 0.0625
4 0.59765625 0.48203125 0.0515625 0.06875
8 0.71875 0.48203125 0.125 0.14375
4 0.52109375 0.503125 0.0578125 0.07265625
9 0.1625 0.56796875 0.11875 0.17734375
4 0.67734375 0.58046875 0.0765625 0.09375
4 0.2859375 0.69453125 0.096875 0.12734375
4 0.78359375 0.71015625 0.1234375 0.15859375
9 0.0703125 0.76328125 0.140625 0.29765625