4 0.37890625 0.371875 0.0328125 0.03984375
4 0.61640625 0.378125 0.0390625 0.03984375
4 0.321875 0.38671875 0.040625 0.04375
7 0.5546875 0.38671875 0.046875 0.07265625
4 0.49453125 0.39765625 0.0359375 0.03359375
4 0.48984375 0.41640625 0.0328125 0.04140625
4 0.63984375 0.41640625 0.0609375 0.05
4 0.57265625 0.421875 0.0390625 0.04765625
4 0.4984375 0.42890625 0.0375 0.03359375
4 0.35546875 0.43046875 0.0390625 0.05625
4 0.28984375 0.43203125 0.0453125 0.04765625
5 0.16328125 0.4375 0.0953125 0.12890625
4 0.50703125 0.46640625 0.0453125 0.07109375
5 0.76015625 0.49609375 0.1421875 0.16640625
4 0.23984375 0.50390625 0.0640625 0.0625
4 0.52578125 0.54375 0.0671875 0.09609375
4 0.65390625 0.55234375 0.0796875 0.1125
7 0.8484375 0.63046875 0.10625 0.13515625
4 0.9625 0.640625 0.075 0.13125
4 0.5734375 0.65078125 0.096875 0.11875
4 0.9546875 0.77890625 0.090625 0.14609375
4 0.8375 0.82421875 0.15625 0.20234375
4 0.69140625 0.903125 0.1546875 0.19375