4 0.34140625 0.30859375 0.0203125 0.03359375
1 0.61015625 0.35546875 0.0734375 0.12734375
7 0.5515625 0.390625 0.0625 0.10625
4 0.36171875 0.40859375 0.0578125 0.07890625
1 0.6375 0.41484375 0.090625 0.14609375
4 0.575 0.428125 0.04375 0.06484375
4 0.49609375 0.43046875 0.0515625 0.05234375
4 0.59609375 0.45078125 0.0484375 0.07265625
4 0.5109375 0.47890625 0.065625 0.075
7 0.74140625 0.49375 0.1109375 0.19609375
7 0.6140625 0.51484375 0.0625 0.13359375
7 0.1046875 0.51640625 0.121875 0.1375
4 0.53046875 0.51875 0.0609375 0.07109375
7 0.84140625 0.54375 0.1421875 0.14140625
7 0.67734375 0.55078125 0.1109375 0.20625
4 0.31953125 0.55546875 0.0890625 0.09375
4 0.56015625 0.57265625 0.0703125 0.1
7 0.534375 0.61171875 0.096875 0.13125
7 0.7328125 0.64296875 0.05 0.15625
1 0.84609375 0.71015625 0.2265625 0.32890625
4 0.5859375 0.72265625 0.146875 0.16640625
1 0.05625 0.8265625 0.1125 0.346875
4 0.61171875 0.83203125 0.1578125 0.15625
1 0.92109375 0.84453125 0.1578125 0.31015625
4 0.221875 0.9421875 0.2 0.115625
4 0.6453125 0.94453125 0.16875 0.11015625