0 0.37734375 0.296875 0.0359375 0.05625
7 0.3921875 0.33984375 0.0375 0.0375
7 0.32109375 0.34375 0.0328125 0.04609375
1 0.23984375 0.37734375 0.0734375 0.075
4 0.31484375 0.38203125 0.0328125 0.04375
4 0.38203125 0.384375 0.0359375 0.05234375
1 0.24921875 0.46796875 0.1234375 0.15234375
4 0.3453125 0.48359375 0.059375 0.075
1 0.778125 0.50234375 0.121875 0.15
4 0.84765625 0.51015625 0.0359375 0.0625
1 0.659375 0.55 0.09375 0.19140625
4 0.5203125 0.565625 0.06875 0.11484375
1 0.94375 0.58203125 0.1125 0.16875
4 0.55078125 0.61953125 0.0734375 0.11015625
7 0.74375 0.63359375 0.075 0.14140625
4 0.56640625 0.72578125 0.1046875 0.18125
1 0.8765625 0.76875 0.246875 0.4625
1 0.0265625 0.82265625 0.053125 0.35390625
4 0.72421875 0.87421875 0.1390625 0.23125
4 0.16875 0.9328125 0.2 0.134375
4 0.62734375 0.9734375 0.1046875 0.053125