0 0.4640625 0.33671875 0.04375 0.06484375
0 0.52578125 0.33671875 0.0515625 0.08125
4 0.46953125 0.359375 0.0265625 0.03125
4 0.37578125 0.36640625 0.0328125 0.04609375
4 0.484375 0.39609375 0.034375 0.04609375
7 0.29375 0.40390625 0.046875 0.06640625
7 0.640625 0.40703125 0.05625 0.09375
0 0.578125 0.415625 0.084375 0.12734375
7 0.21875 0.421875 0.053125 0.08984375
4 0.721875 0.4375 0.053125 0.075
4 0.503125 0.45390625 0.05 0.07890625
4 0.67109375 0.46484375 0.0578125 0.06640625
7 0.33046875 0.52421875 0.0609375 0.09375
4 0.53046875 0.5375 0.0609375 0.09609375
8 0.8484375 0.55078125 0.215625 0.28515625
7 0.06796875 0.56953125 0.0921875 0.10625
4 0.6828125 0.60234375 0.09375 0.13359375
4 0.56484375 0.67421875 0.0890625 0.16015625
4 0.25234375 0.725 0.1046875 0.12890625
4 0.66640625 0.9015625 0.1640625 0.196875