7 0.265625 0.36640625 0.05 0.06640625
1 0.540625 0.36640625 0.05625 0.09140625
7 0.61484375 0.3875 0.0484375 0.0625
4 0.484375 0.396875 0.0375 0.04765625
4 0.56953125 0.42890625 0.0515625 0.0625
4 0.34765625 0.43359375 0.0515625 0.0625
4 0.6515625 0.43984375 0.05 0.06640625
4 0.51171875 0.46484375 0.0546875 0.07109375
7 0.71796875 0.47734375 0.0734375 0.125
4 0.64609375 0.53828125 0.0796875 0.10234375
4 0.53203125 0.54609375 0.0640625 0.08359375
1 0.88125 0.59140625 0.2375 0.3625
4 0.6078125 0.73046875 0.134375 0.19375