7 0.35 0.28984375 0.028125 0.04609375
4 0.4078125 0.29453125 0.021875 0.03125
4 0.375 0.30390625 0.03125 0.05
1 0.58046875 0.31640625 0.0578125 0.06640625
4 0.3953125 0.33125 0.03125 0.04140625
5 0.5265625 0.34765625 0.053125 0.06640625
4 0.4796875 0.36171875 0.034375 0.03125
4 0.48125 0.37890625 0.034375 0.0375
4 0.48671875 0.41015625 0.0421875 0.05859375
1 0.6 0.43046875 0.11875 0.20625
4 0.66015625 0.44765625 0.0484375 0.07109375
4 0.325 0.484375 0.065625 0.08515625
0 0.74609375 0.484375 0.1453125 0.20234375
4 0.5171875 0.50703125 0.059375 0.08515625
7 0.0828125 0.51640625 0.1125 0.15
4 0.1609375 0.63046875 0.1125 0.14765625
4 0.56640625 0.65703125 0.1046875 0.14765625
5 0.9125 0.67265625 0.175 0.25390625
4 0.66796875 0.9171875 0.1765625 0.165625