4 0.46796875 0.32734375 0.0234375 0.025
4 0.50703125 0.33046875 0.0296875 0.03125
1 0.625 0.37265625 0.071875 0.125
1 0.56015625 0.38359375 0.0671875 0.10390625
4 0.36953125 0.39765625 0.0421875 0.04140625
7 0.3015625 0.40625 0.05625 0.0625
0 0.50078125 0.40859375 0.0765625 0.125
0 0.18203125 0.434375 0.0921875 0.11875
7 0.2546875 0.46875 0.06875 0.10390625
4 0.690625 0.475 0.065625 0.0875
4 0.35 0.50234375 0.05625 0.0625
7 0.809375 0.54765625 0.1125 0.14140625
7 0.16171875 0.55078125 0.1203125 0.13515625
4 0.590625 0.74765625 0.1125 0.15
1 0.871875 0.8015625 0.25625 0.396875
7 0.0484375 0.82734375 0.096875 0.30390625
4 0.19296875 0.93125 0.1671875 0.1375