2 0.54375 0.36953125 0.05625 0.08984375
2 0.2515625 0.37265625 0.06875 0.09609375
4 0.4796875 0.38359375 0.03125 0.0375
4 0.37734375 0.39140625 0.0359375 0.05
8 0.66015625 0.396875 0.0953125 0.11875
4 0.49296875 0.40703125 0.0390625 0.03125
4 0.50078125 0.45234375 0.0515625 0.05390625
2 0.6234375 0.46953125 0.121875 0.18515625
4 0.52265625 0.503125 0.0609375 0.06015625
4 0.53671875 0.571875 0.0671875 0.08125
4 0.8640625 0.603125 0.071875 0.11484375
8 0.78671875 0.65546875 0.2328125 0.38125
4 0.58125 0.70859375 0.10625 0.15859375