0 0.36796875 0.29921875 0.0328125 0.05234375
1 0.3109375 0.38125 0.053125 0.08359375
1 0.20234375 0.41640625 0.0921875 0.10859375
4 0.28828125 0.434375 0.0453125 0.06015625
1 0.66484375 0.43984375 0.0671875 0.0625
4 0.36015625 0.44765625 0.0515625 0.0625
1 0.7546875 0.48984375 0.10625 0.15390625
4 0.52109375 0.496875 0.0640625 0.06484375
1 0.63046875 0.5 0.0859375 0.1125
4 0.828125 0.5125 0.046875 0.0625
1 0.6671875 0.54375 0.090625 0.2
4 0.5234375 0.5625 0.08125 0.12109375
1 0.92109375 0.571875 0.1578125 0.17734375
4 0.559375 0.615625 0.090625 0.10234375
7 0.74296875 0.628125 0.0671875 0.14375
4 0.5609375 0.70234375 0.09375 0.14609375
1 0.1046875 0.71328125 0.209375 0.38515625
1 0.875 0.771875 0.25 0.45625
4 0.2515625 0.796875 0.15 0.18984375
4 0.72265625 0.8703125 0.1421875 0.259375
4 0.5953125 0.928125 0.128125 0.14375