7 0.31953125 0.36328125 0.0640625 0.09375
1 0.571875 0.403125 0.078125 0.13125
7 0.25078125 0.42109375 0.0546875 0.09140625
1 0.68046875 0.42421875 0.1015625 0.14375
4 0.5125 0.48984375 0.05 0.075
4 0.33203125 0.5 0.0578125 0.07109375
7 0.825 0.5375 0.078125 0.09140625
4 0.65078125 0.53984375 0.0609375 0.11640625
4 0.9015625 0.54921875 0.053125 0.09375
4 0.15703125 0.58828125 0.0890625 0.09765625
0 0.8125 0.68984375 0.275 0.3875
4 0.63046875 0.72734375 0.1234375 0.2
7 0.06640625 0.76875 0.1328125 0.2375
4 0.21171875 0.9171875 0.1515625 0.165625