4 0.38125 0.340625 0.0375 0.05234375
1 0.6171875 0.35703125 0.084375 0.13125
4 0.48125 0.38046875 0.04375 0.05625
7 0.553125 0.38515625 0.0625 0.09609375
1 0.65703125 0.4125 0.0921875 0.1125
4 0.3640625 0.41484375 0.05 0.07109375
4 0.4890625 0.415625 0.05 0.05234375
4 0.57265625 0.42890625 0.0546875 0.07109375
7 0.1875 0.43671875 0.084375 0.11875
4 0.496875 0.45 0.05625 0.075
4 0.60078125 0.45 0.0703125 0.09609375
4 0.3390625 0.48515625 0.06875 0.1
1 0.7671875 0.48828125 0.128125 0.16015625
4 0.51328125 0.490625 0.0703125 0.09765625
1 0.7625 0.49140625 0.125 0.15859375
1 0.621875 0.50546875 0.078125 0.15625
4 0.528125 0.53046875 0.071875 0.09375
1 0.6734375 0.55 0.128125 0.20859375
1 0.17109375 0.57265625 0.2171875 0.29609375
4 0.56015625 0.578125 0.0890625 0.11875
1 0.8859375 0.59140625 0.1875 0.225
7 0.53515625 0.62578125 0.0953125 0.17734375
7 0.7484375 0.63671875 0.096875 0.17265625
1 0.85234375 0.70703125 0.2515625 0.38984375
4 0.57890625 0.728125 0.1140625 0.18125
1 0.91328125 0.83125 0.1734375 0.3375
4 0.6125 0.86328125 0.184375 0.23515625
4 0.6359375 0.94375 0.178125 0.1125
4 0.209375 0.95234375 0.16875 0.09140625