1 0.68125 0.42734375 0.071875 0.12109375
0 0.271875 0.42890625 0.1125 0.14609375
7 0.5 0.45078125 0.059375 0.08125
1 0.60546875 0.47265625 0.0671875 0.125
4 0.33359375 0.5125 0.0671875 0.07890625
1 0.83515625 0.52421875 0.1984375 0.22734375
4 0.51015625 0.525 0.0734375 0.10859375
1 0.64765625 0.52578125 0.0828125 0.16484375
4 0.53203125 0.58125 0.0765625 0.1125
1 0.73984375 0.62265625 0.0765625 0.1375
4 0.5515625 0.65078125 0.09375 0.14765625
1 0.84140625 0.690625 0.2171875 0.31875
4 0.2640625 0.74609375 0.14375 0.1875
4 0.67890625 0.753125 0.1328125 0.21875
1 0.9125 0.82890625 0.175 0.34140625
0 0.60390625 0.9140625 0.1484375 0.171875