1 0.28671875 0.3375 0.0546875 0.09140625
10 0.596875 0.36953125 0.0375 0.06484375
4 0.4890625 0.38828125 0.0375 0.06015625
4 0.37578125 0.39375 0.0421875 0.0625
4 0.3046875 0.41328125 0.0375 0.04765625
1 0.12734375 0.47578125 0.1703125 0.21484375
4 0.3546875 0.48203125 0.053125 0.06484375
4 0.59765625 0.484375 0.0546875 0.07265625
4 0.25078125 0.509375 0.0609375 0.07734375
9 0.67578125 0.53046875 0.1109375 0.18515625
10 0.8125 0.5625 0.096875 0.125
3 0.540625 0.56484375 0.06875 0.12109375
4 0.31953125 0.578125 0.0734375 0.08984375
9 0.75625 0.64453125 0.13125 0.18125
4 0.60234375 0.77734375 0.1078125 0.175
1 0.06328125 0.80078125 0.1265625 0.38125
4 0.19140625 0.9078125 0.1671875 0.184375