2 0.54140625 0.35859375 0.0578125 0.08359375
4 0.48984375 0.39609375 0.0359375 0.04140625
8 0.6484375 0.39765625 0.084375 0.10390625
10 0.5609375 0.41015625 0.040625 0.08359375
4 0.4984375 0.43203125 0.040625 0.04765625
9 0.603125 0.43671875 0.075 0.13515625
4 0.7171875 0.43671875 0.046875 0.06875
4 0.51328125 0.47890625 0.0546875 0.07109375
9 0.65859375 0.521875 0.0953125 0.16875
11 0.834375 0.61328125 0.225 0.21015625
4 0.03359375 0.63515625 0.0671875 0.10390625
4 0.58203125 0.66640625 0.0921875 0.12890625
4 0.253125 0.78671875 0.11875 0.16015625
4 0.834375 0.8859375 0.178125 0.228125