8 0.609375 0.36171875 0.05 0.08984375
0 0.54921875 0.37890625 0.0640625 0.1
4 0.496875 0.42421875 0.040625 0.04375
8 0.68515625 0.4375 0.0953125 0.14609375
4 0.19453125 0.44921875 0.0578125 0.06015625
10 0.58125 0.45546875 0.05 0.09765625
4 0.3515625 0.45703125 0.05 0.06015625
4 0.7546875 0.46328125 0.04375 0.06484375
4 0.51484375 0.47734375 0.0578125 0.075
9 0.6421875 0.49375 0.09375 0.17109375
4 0.8546875 0.55078125 0.09375 0.10625
4 0.5453125 0.571875 0.078125 0.10625
9 0.7453125 0.64921875 0.14375 0.26484375