7 0.30546875 0.378125 0.0640625 0.10234375
4 0.478125 0.384375 0.040625 0.04765625
4 0.38203125 0.38515625 0.0453125 0.04609375
1 0.56171875 0.39296875 0.0828125 0.12734375
1 0.66171875 0.40625 0.0921875 0.1125
7 0.22890625 0.45546875 0.0640625 0.09765625
4 0.35625 0.45546875 0.059375 0.06484375
4 0.50546875 0.465625 0.0515625 0.07265625
4 0.621875 0.5 0.0625 0.1
0 0.75234375 0.603125 0.2234375 0.32265625
4 0.29765625 0.61015625 0.0796875 0.1
4 0.59453125 0.640625 0.0984375 0.14375
4 0.92265625 0.69609375 0.1234375 0.14140625
4 0.07578125 0.70390625 0.1359375 0.14140625
4 0.6671875 0.89140625 0.175 0.21640625