7 0.33828125 0.34921875 0.0484375 0.07265625
7 0.3859375 0.35625 0.046875 0.06640625
4 0.534375 0.415625 0.065625 0.08125
7 0.6046875 0.425 0.065625 0.1
4 0.34921875 0.440625 0.0671875 0.07265625
4 0.50078125 0.47265625 0.0546875 0.06640625
4 0.80703125 0.49765625 0.0953125 0.09140625
4 0.52265625 0.51953125 0.0796875 0.09375
7 0.7015625 0.52109375 0.14375 0.2
4 0.30859375 0.571875 0.1046875 0.14765625
4 0.55234375 0.61328125 0.0953125 0.12265625
4 0.9578125 0.63203125 0.084375 0.15234375
4 0.58359375 0.71640625 0.1265625 0.18359375
1 0.83984375 0.75 0.3203125 0.5
1 0.071875 0.77578125 0.140625 0.44765625
4 0.6421875 0.9203125 0.153125 0.159375