5 0.31328125 0.35234375 0.0609375 0.09609375
8 0.64765625 0.40546875 0.0828125 0.10625
5 0.2640625 0.40859375 0.09375 0.13359375
4 0.559375 0.4125 0.040625 0.04609375
4 0.36796875 0.42734375 0.0421875 0.05859375
4 0.496875 0.42890625 0.04375 0.05390625
7 0.18828125 0.43203125 0.0640625 0.07265625
4 0.60078125 0.46796875 0.0515625 0.06015625
9 0.11953125 0.48984375 0.0859375 0.1
4 0.6515625 0.53203125 0.071875 0.09375
4 0.55546875 0.62890625 0.0828125 0.12890625
9 0.928125 0.72109375 0.14375 0.24140625
4 0.78125 0.80078125 0.13125 0.16015625
7 0.659375 0.909375 0.1625 0.18125
4 0.21875 0.91875 0.15625 0.1625