1 0.2421875 0.359375 0.065625 0.06875
5 0.30390625 0.36484375 0.0671875 0.09609375
8 0.6328125 0.39609375 0.08125 0.1
4 0.55234375 0.4 0.0359375 0.04609375
4 0.49375 0.41796875 0.0375 0.05625
5 0.24609375 0.42890625 0.1046875 0.15
4 0.5890625 0.44921875 0.046875 0.05625
7 0.159375 0.46171875 0.071875 0.08515625
4 0.35546875 0.46328125 0.0453125 0.06484375
4 0.63046875 0.50078125 0.0640625 0.08125
9 0.075 0.53984375 0.10625 0.12890625
4 0.540625 0.57890625 0.071875 0.1125
9 0.871875 0.65 0.15 0.20390625
4 0.72734375 0.70625 0.1078125 0.12890625
7 0.61796875 0.79453125 0.1265625 0.19765625