1 0.3734375 0.29609375 0.03125 0.05390625
6 0.4046875 0.30234375 0.021875 0.02890625
7 0.3390625 0.30390625 0.028125 0.04140625
4 0.39375 0.32265625 0.025 0.0375
4 0.37734375 0.365625 0.0359375 0.04375
1 0.23671875 0.38203125 0.0765625 0.11015625
7 0.553125 0.3875 0.046875 0.0875
7 0.6671875 0.40078125 0.09375 0.14375
4 0.57109375 0.42421875 0.0328125 0.05234375
7 0.34453125 0.44296875 0.0484375 0.07265625
4 0.5953125 0.44765625 0.04375 0.06640625
4 0.50234375 0.4625 0.0390625 0.0625
7 0.72578125 0.48515625 0.0921875 0.15390625
4 0.5171875 0.49453125 0.059375 0.08125
7 0.21640625 0.49765625 0.0890625 0.12890625
7 0.62265625 0.509375 0.0671875 0.13515625
4 0.53046875 0.534375 0.0640625 0.08515625
7 0.66796875 0.54921875 0.1078125 0.20234375
4 0.55859375 0.57734375 0.0703125 0.10390625
7 0.5359375 0.62265625 0.08125 0.15859375
7 0.9203125 0.62734375 0.159375 0.22890625
7 0.76484375 0.65078125 0.0984375 0.16015625
1 0.86328125 0.734375 0.2296875 0.38984375
4 0.5734375 0.74140625 0.1 0.175
4 0.61328125 0.86171875 0.1359375 0.20625
4 0.228125 0.8625 0.134375 0.16640625
4 0.64296875 0.95078125 0.1515625 0.09765625