2 0.55234375 0.37109375 0.0640625 0.1
4 0.496875 0.41953125 0.040625 0.04375
8 0.67265625 0.42265625 0.0890625 0.12890625
10 0.5765625 0.440625 0.05 0.10234375
4 0.72890625 0.440625 0.0296875 0.06875
4 0.50859375 0.46171875 0.0453125 0.06015625
4 0.17109375 0.478125 0.0578125 0.06015625
9 0.63046875 0.48125 0.0921875 0.15390625
4 0.34140625 0.490625 0.0578125 0.06484375
4 0.80703125 0.5125 0.0734375 0.08359375
4 0.534375 0.540625 0.065625 0.09375
9 0.71796875 0.61171875 0.1265625 0.22734375
11 0.89609375 0.740625 0.2078125 0.30625
4 0.671875 0.89765625 0.146875 0.20390625