4 0.59609375 0.375 0.0390625 0.05
4 0.546875 0.39453125 0.040625 0.04765625
4 0.61953125 0.40546875 0.0390625 0.05234375
4 0.4890625 0.40859375 0.034375 0.04140625
5 0.1984375 0.41875 0.06875 0.0875
7 0.675 0.43671875 0.0625 0.08984375
4 0.59375 0.45703125 0.05625 0.07265625
4 0.50546875 0.45859375 0.0453125 0.05390625
1 0.7859375 0.51640625 0.1875 0.2875
4 0.54765625 0.5625 0.0765625 0.1125
4 0.9265625 0.58359375 0.08125 0.10390625
1 0.70078125 0.59609375 0.1703125 0.2375
4 0.61640625 0.778125 0.1203125 0.18515625
4 0.1828125 0.8921875 0.15625 0.215625