7 0.39140625 0.340625 0.0328125 0.04375
7 0.31875 0.34765625 0.046875 0.0625
4 0.38125 0.38515625 0.04375 0.05390625
1 0.246875 0.38828125 0.1 0.10234375
4 0.3140625 0.39375 0.04375 0.05
4 0.5875 0.43828125 0.053125 0.07265625
4 0.684375 0.45234375 0.06875 0.0875
4 0.51328125 0.48984375 0.0734375 0.09140625
1 0.7703125 0.49609375 0.128125 0.1375
1 0.22265625 0.49921875 0.1765625 0.17265625
4 0.84140625 0.50390625 0.0515625 0.1
4 0.3453125 0.50703125 0.071875 0.10625
7 0.61875 0.509375 0.0625 0.13125
7 0.66953125 0.55625 0.1109375 0.20390625
4 0.5265625 0.57421875 0.08125 0.11484375
1 0.93984375 0.58125 0.1203125 0.18359375
4 0.55859375 0.61953125 0.0828125 0.10625
1 0.75390625 0.62265625 0.0828125 0.1375
4 0.5609375 0.7125 0.090625 0.16640625
1 0.87265625 0.7703125 0.2546875 0.459375
4 0.7265625 0.87109375 0.165625 0.24140625
4 0.62265625 0.9625 0.1296875 0.075