8 0.51484375 0.32578125 0.0421875 0.06484375
4 0.384375 0.340625 0.034375 0.03984375
0 0.3328125 0.35390625 0.053125 0.07890625
10 0.2640625 0.36640625 0.040625 0.07109375
10 0.55234375 0.38046875 0.0515625 0.09375
7 0.3765625 0.38515625 0.040625 0.05390625
4 0.48359375 0.3875 0.0328125 0.04609375
10 0.63359375 0.41875 0.0609375 0.1
4 0.25703125 0.465625 0.0609375 0.06875
4 0.34765625 0.47421875 0.0484375 0.05234375
4 0.16875 0.646875 0.10625 0.12265625
4 0.64765625 0.78125 0.1265625 0.19140625
4 0.228125 0.840625 0.146875 0.19375
4 0.86875 0.84453125 0.153125 0.21015625