4 0.36796875 0.41953125 0.0453125 0.07265625
4 0.2875 0.4375 0.046875 0.05390625
4 0.5828125 0.44609375 0.053125 0.0625
4 0.68515625 0.45546875 0.0296875 0.05625
9 0.63515625 0.48046875 0.0890625 0.16484375
3 0.51875 0.49765625 0.0625 0.09609375
10 0.76171875 0.52109375 0.0765625 0.1
1 0.0890625 0.521875 0.178125 0.27265625
4 0.340625 0.53046875 0.0625 0.07265625
9 0.690625 0.56484375 0.096875 0.15390625
4 0.21796875 0.56796875 0.0765625 0.09765625
4 0.55859375 0.63984375 0.0859375 0.11640625
4 0.28828125 0.68359375 0.0953125 0.125
4 0.64921875 0.8953125 0.1515625 0.209375