8 0.61328125 0.43203125 0.0546875 0.08125
0 0.5625 0.43828125 0.0625 0.08984375
9 0.328125 0.45390625 0.05625 0.07890625
4 0.38828125 0.471875 0.0390625 0.04375
4 0.51875 0.48828125 0.0375 0.06015625
4 0.38359375 0.50234375 0.0421875 0.04140625
7 0.21328125 0.503125 0.0640625 0.10625
9 0.615625 0.51328125 0.075 0.11015625
0 0.26953125 0.534375 0.1109375 0.14765625
4 0.3703125 0.55 0.05 0.06640625
9 0.128125 0.56171875 0.09375 0.09375
4 0.33828125 0.61953125 0.0703125 0.07734375
4 0.56328125 0.64375 0.0671875 0.1125
4 0.31171875 0.72421875 0.0953125 0.12734375
8 0.11796875 0.80234375 0.2359375 0.37890625