7 0.3234375 0.41796875 0.034375 0.05234375
4 0.40234375 0.42890625 0.0328125 0.0375
7 0.28125 0.45390625 0.040625 0.05859375
4 0.334375 0.46484375 0.0375 0.04609375
6 0.39375 0.47734375 0.034375 0.05
4 0.3015625 0.496875 0.034375 0.03515625
4 0.384375 0.51640625 0.04375 0.05390625
4 0.3015625 0.53203125 0.04375 0.05625
9 0.18359375 0.53515625 0.0953125 0.1125
4 0.35703125 0.61796875 0.0734375 0.08125
7 0.07890625 0.62421875 0.1140625 0.15234375
4 0.6875 0.628125 0.075 0.11015625
9 0.21015625 0.63515625 0.1234375 0.15390625