4 0.3625 0.42421875 0.028125 0.05625
4 0.4046875 0.42890625 0.040625 0.05859375
9 0.559375 0.43828125 0.0625 0.07734375
4 0.49921875 0.44453125 0.0453125 0.06484375
9 0.3109375 0.46875 0.084375 0.1375
7 0.24140625 0.48046875 0.0734375 0.08125
4 0.39375 0.484375 0.05 0.04765625
4 0.37890625 0.51796875 0.0515625 0.06875
4 0.328125 0.65234375 0.096875 0.11640625
8 0.1640625 0.65625 0.215625 0.30859375
4 0.29140625 0.75546875 0.0984375 0.14765625
9 0.06328125 0.8625 0.1265625 0.27109375
4 0.26484375 0.91328125 0.1484375 0.16875