8 0.60234375 0.41953125 0.0484375 0.07734375
0 0.55 0.428125 0.053125 0.08125
9 0.3265625 0.45390625 0.05625 0.07890625
4 0.5078125 0.465625 0.03125 0.05625
4 0.3890625 0.475 0.034375 0.0375
9 0.59453125 0.47734375 0.0609375 0.08359375
4 0.38359375 0.50859375 0.0421875 0.04140625
7 0.203125 0.52265625 0.078125 0.1125
0 0.2609375 0.54765625 0.121875 0.1625
4 0.36796875 0.553125 0.0546875 0.06484375
9 0.13125 0.58046875 0.109375 0.11484375
4 0.540625 0.58203125 0.0625 0.08125
4 0.33515625 0.63359375 0.0703125 0.08359375
4 0.30546875 0.73984375 0.1015625 0.12890625
4 0.63125 0.81328125 0.109375 0.19765625
8 0.1078125 0.81953125 0.209375 0.36015625