4 0.50625 0.41953125 0.028125 0.03984375
7 0.29609375 0.42890625 0.0453125 0.06640625
0 0.3453125 0.43359375 0.059375 0.0875
9 0.25859375 0.45078125 0.0484375 0.04375
4 0.38828125 0.471875 0.0390625 0.04375
8 0.29296875 0.49296875 0.0953125 0.12734375
4 0.51640625 0.49609375 0.0453125 0.0625
9 0.21875 0.5 0.071875 0.10859375
4 0.38359375 0.50234375 0.0421875 0.04140625
4 0.3734375 0.540625 0.05 0.06015625
4 0.63828125 0.55546875 0.0578125 0.08984375
4 0.35234375 0.58671875 0.0640625 0.06484375
9 0.2203125 0.61640625 0.1125 0.15
8 0.078125 0.6375 0.15625 0.27890625
4 0.56484375 0.646875 0.0703125 0.11015625
4 0.33125 0.64765625 0.075 0.1
6 0.32890625 0.71796875 0.0859375 0.12734375
4 0.290625 0.83984375 0.1125 0.15