9 0.3578125 0.40546875 0.04375 0.06484375
8 0.33203125 0.43359375 0.0671875 0.10390625
4 0.40078125 0.43828125 0.0296875 0.03125
4 0.39453125 0.46953125 0.0359375 0.03515625
7 0.240625 0.48203125 0.071875 0.09765625
4 0.38203125 0.49609375 0.0390625 0.05
9 0.2828125 0.50859375 0.08125 0.10859375
7 0.17421875 0.53828125 0.0796875 0.08515625
4 0.36171875 0.56640625 0.0484375 0.075
4 0.56015625 0.61328125 0.0734375 0.10625
7 0.06953125 0.62578125 0.1390625 0.13125
4 0.33515625 0.684375 0.0859375 0.10625
8 0.91953125 0.74765625 0.1609375 0.36640625
0 0.121875 0.77109375 0.24375 0.37890625
4 0.26796875 0.87265625 0.1328125 0.15859375