4 0.5015625 0.371875 0.015625 0.02265625
4 0.475 0.37265625 0.015625 0.02109375
9 0.3375 0.38125 0.040625 0.05390625
4 0.4234375 0.40546875 0.025 0.02734375
7 0.36875 0.40625 0.03125 0.05
4 0.4078125 0.41015625 0.028125 0.03359375
9 0.30234375 0.41484375 0.0578125 0.07890625
7 0.35234375 0.41875 0.0359375 0.05
4 0.278125 0.43203125 0.028125 0.03515625
4 0.3953125 0.43359375 0.028125 0.04140625
4 0.50078125 0.44140625 0.0265625 0.0375
4 0.3484375 0.44765625 0.03125 0.0375
4 0.24296875 0.45546875 0.0453125 0.04375
4 0.39921875 0.45625 0.0359375 0.04140625
9 0.32578125 0.47421875 0.0578125 0.09765625
4 0.38671875 0.49765625 0.0453125 0.05859375
4 0.221875 0.509375 0.053125 0.07265625
4 0.26796875 0.55546875 0.0671875 0.08515625
4 0.35390625 0.559375 0.0671875 0.08125
7 0.15390625 0.571875 0.1015625 0.13515625
4 0.56328125 0.58984375 0.0734375 0.09609375
4 0.03671875 0.646875 0.0734375 0.09375
4 0.1640625 0.74921875 0.115625 0.13515625
4 0.2859375 0.83359375 0.128125 0.1625
4 0.69140625 0.928125 0.1421875 0.14375