4 0.38046875 0.40078125 0.0296875 0.03515625
7 0.340625 0.40234375 0.03125 0.0375
6 0.41640625 0.4125 0.0296875 0.03359375
4 0.36484375 0.42109375 0.0265625 0.03359375
4 0.49140625 0.43125 0.0265625 0.04140625
4 0.40703125 0.43515625 0.0234375 0.02890625
9 0.27578125 0.446875 0.0484375 0.07265625
9 0.33828125 0.4625 0.0453125 0.075
4 0.3984375 0.475 0.034375 0.04140625
7 0.2296875 0.48515625 0.05625 0.075
7 0.278125 0.51875 0.065625 0.10390625
9 0.18671875 0.525 0.0796875 0.11640625
4 0.35859375 0.59765625 0.0609375 0.075
9 0.203125 0.64765625 0.109375 0.16640625
4 0.6015625 0.71640625 0.090625 0.15
7 0.915625 0.75625 0.16875 0.15390625
4 0.321875 0.75859375 0.103125 0.12890625
7 0.86796875 0.86015625 0.2046875 0.27890625