9 0.6078125 0.43359375 0.05625 0.09609375
9 0.28125 0.44140625 0.04375 0.075
9 0.33046875 0.4625 0.0421875 0.075
4 0.3953125 0.478125 0.034375 0.04375
8 0.17421875 0.53046875 0.1234375 0.16484375
4 0.37734375 0.534375 0.0515625 0.06875
4 0.3 0.54375 0.05625 0.05390625
8 0.66953125 0.59375 0.1515625 0.19140625
7 0.81171875 0.61015625 0.1046875 0.1625
4 0.3390625 0.67734375 0.078125 0.10859375
11 0.1140625 0.81015625 0.228125 0.37890625
4 0.65859375 0.89765625 0.1484375 0.20390625
4 0.2671875 0.9046875 0.125 0.190625