7 0.33671875 0.40546875 0.0265625 0.03515625
4 0.37109375 0.415625 0.0296875 0.03515625
4 0.4140625 0.41796875 0.028125 0.03125
4 0.29296875 0.43046875 0.0296875 0.03515625
4 0.48984375 0.43046875 0.0328125 0.04375
4 0.35078125 0.44453125 0.0328125 0.03984375
4 0.5484375 0.44609375 0.034375 0.04140625
4 0.40078125 0.45703125 0.0328125 0.03984375
4 0.3265625 0.48046875 0.0375 0.05625
4 0.38515625 0.50078125 0.0421875 0.05234375
9 0.2015625 0.50390625 0.1 0.1375
7 0.290625 0.50859375 0.065625 0.09609375
4 0.5390625 0.534375 0.05625 0.07265625
4 0.3953125 0.5375 0.05 0.075
4 0.68984375 0.53828125 0.0578125 0.07265625
7 0.20703125 0.61953125 0.1046875 0.15234375
4 0.32734375 0.63203125 0.0734375 0.10625
9 0.06640625 0.63671875 0.1328125 0.21484375
4 0.30625 0.76015625 0.096875 0.12109375
9 0.0921875 0.82734375 0.184375 0.34140625
4 0.23515625 0.934375 0.1515625 0.13125