8 0.34921875 0.41953125 0.0546875 0.08515625
4 0.39609375 0.43828125 0.0296875 0.03125
7 0.2765625 0.45703125 0.046875 0.06015625
4 0.3921875 0.46953125 0.034375 0.04765625
4 0.5109375 0.46953125 0.040625 0.05625
9 0.31171875 0.47265625 0.0640625 0.08359375
7 0.2375 0.48515625 0.046875 0.05859375
4 0.38046875 0.51796875 0.0359375 0.04765625
9 0.690625 0.52265625 0.075 0.09140625
7 0.1734375 0.54609375 0.08125 0.10859375
4 0.36953125 0.56875 0.0609375 0.075
0 0.22890625 0.58515625 0.1390625 0.19140625
9 0.06015625 0.65234375 0.1203125 0.15390625
4 0.32578125 0.66796875 0.0828125 0.08984375
4 0.61484375 0.753125 0.1109375 0.16875
4 0.27734375 0.83125 0.1203125 0.15390625