8 0.37265625 0.39375 0.0421875 0.06640625
11 0.32734375 0.39921875 0.0453125 0.06875
4 0.51484375 0.4 0.0265625 0.02890625
4 0.40625 0.42890625 0.034375 0.0375
4 0.36171875 0.43203125 0.0328125 0.03984375
7 0.290625 0.446875 0.04375 0.06015625
4 0.5 0.44765625 0.034375 0.05
4 0.39453125 0.459375 0.0328125 0.03984375
7 0.2359375 0.5 0.059375 0.07890625
6 0.38203125 0.51796875 0.0453125 0.06484375
4 0.29609375 0.51875 0.0484375 0.05390625
9 0.64296875 0.53828125 0.0796875 0.13125
4 0.3640625 0.58515625 0.059375 0.07109375
4 0.24609375 0.58984375 0.0609375 0.05859375
9 0.08984375 0.62421875 0.1265625 0.15625
4 0.2265625 0.66875 0.084375 0.09140625
4 0.31484375 0.73515625 0.0953125 0.1125