7 0.29375 0.42578125 0.04375 0.05234375
7 0.3375 0.44609375 0.040625 0.0625
7 0.63828125 0.45390625 0.0484375 0.07890625
9 0.25625 0.46953125 0.05625 0.10234375
4 0.50234375 0.471875 0.0421875 0.05625
8 0.5796875 0.47421875 0.075 0.09765625
9 0.303125 0.49921875 0.059375 0.08984375
4 0.3859375 0.50625 0.040625 0.05859375
4 0.6953125 0.540625 0.053125 0.06875
4 0.3640625 0.584375 0.065625 0.07734375
8 0.10390625 0.59296875 0.1640625 0.18984375
4 0.5703125 0.61875 0.06875 0.1
4 0.25078125 0.63515625 0.0703125 0.07890625
4 0.30078125 0.80546875 0.1109375 0.14375