7 0.34453125 0.39609375 0.0265625 0.0375
4 0.38046875 0.40078125 0.0296875 0.03515625
6 0.41484375 0.40859375 0.0265625 0.025
4 0.37265625 0.41875 0.0265625 0.03359375
4 0.40703125 0.43125 0.0234375 0.02890625
9 0.28515625 0.43671875 0.0453125 0.06484375
4 0.496875 0.44296875 0.034375 0.04375
9 0.34375 0.45234375 0.04375 0.05859375
4 0.4 0.46640625 0.034375 0.04140625
7 0.23828125 0.47265625 0.0453125 0.07109375
7 0.2875 0.50546875 0.0625 0.08984375
9 0.19375 0.51328125 0.075 0.10234375
4 0.36328125 0.5875 0.0609375 0.075
9 0.2171875 0.62421875 0.096875 0.15625
4 0.32734375 0.73359375 0.1015625 0.12890625
4 0.6734375 0.90390625 0.14375 0.19140625