9 0.3484375 0.37265625 0.034375 0.05
7 0.53125 0.38984375 0.03125 0.05390625
9 0.3203125 0.40390625 0.053125 0.07890625
4 0.4234375 0.40546875 0.021875 0.02734375
4 0.40546875 0.41015625 0.0234375 0.02890625
4 0.29453125 0.41328125 0.0265625 0.03515625
7 0.35703125 0.41875 0.0421875 0.05859375
4 0.396875 0.428125 0.03125 0.03515625
4 0.55078125 0.44140625 0.0390625 0.05390625
4 0.2578125 0.44296875 0.034375 0.03984375
4 0.40078125 0.44375 0.0328125 0.02890625
9 0.33671875 0.45546875 0.0578125 0.08515625
4 0.27578125 0.459375 0.0390625 0.05234375
4 0.39765625 0.459375 0.0390625 0.04765625
4 0.5140625 0.47265625 0.046875 0.0625
4 0.20078125 0.47734375 0.0421875 0.05859375
4 0.3828125 0.49296875 0.05 0.06015625
7 0.24140625 0.49375 0.0796875 0.09609375
4 0.3015625 0.51015625 0.053125 0.07109375
4 0.3515625 0.58125 0.071875 0.0875
4 0.25234375 0.6 0.0859375 0.1
4 0.15546875 0.60078125 0.0921875 0.10234375
4 0.0578125 0.934375 0.115625 0.13125