4 0.3640625 0.41796875 0.03125 0.04375
7 0.54140625 0.42109375 0.0421875 0.07109375
4 0.40625 0.42265625 0.034375 0.0375
4 0.58671875 0.43203125 0.0296875 0.03984375
4 0.3078125 0.434375 0.040625 0.04765625
4 0.3421875 0.453125 0.040625 0.04375
4 0.4046875 0.459375 0.0375 0.04375
4 0.503125 0.465625 0.040625 0.05625
7 0.63203125 0.46796875 0.0640625 0.08984375
4 0.57421875 0.48203125 0.0421875 0.06015625
4 0.25546875 0.48359375 0.0484375 0.05
4 0.328125 0.484375 0.0375 0.04375
4 0.3828125 0.50625 0.046875 0.05
4 0.3078125 0.51875 0.053125 0.06640625
8 0.1453125 0.55078125 0.13125 0.18125
4 0.37421875 0.55234375 0.0484375 0.0625
9 0.24765625 0.559375 0.1015625 0.13125
4 0.53515625 0.58359375 0.0578125 0.07890625
4 0.38515625 0.596875 0.0640625 0.08515625
4 0.790625 0.63359375 0.09375 0.1125
9 0.196875 0.634375 0.11875 0.15625
8 0.03984375 0.67421875 0.0796875 0.18984375
4 0.3078125 0.68515625 0.096875 0.10390625
7 0.76640625 0.74140625 0.1484375 0.225
4 0.621875 0.7875 0.1125 0.17890625
4 0.28984375 0.809375 0.1046875 0.13125
8 0.096875 0.82578125 0.19375 0.34765625
4 0.2328125 0.934375 0.1625 0.13125