4 0.5390625 0.41953125 0.028125 0.04765625
4 0.296875 0.42265625 0.028125 0.0375
4 0.35546875 0.44296875 0.0296875 0.03515625
4 0.49609375 0.44375 0.0328125 0.05
4 0.40234375 0.45078125 0.0296875 0.03984375
4 0.56015625 0.4625 0.0359375 0.04140625
4 0.3328125 0.48046875 0.0375 0.05625
4 0.38828125 0.49375 0.0390625 0.05
9 0.20546875 0.49765625 0.1015625 0.13359375
7 0.2859375 0.51640625 0.065625 0.09609375
4 0.396875 0.528125 0.05 0.06875
4 0.7265625 0.57578125 0.071875 0.08984375
4 0.55703125 0.578125 0.0671875 0.09375
7 0.2171875 0.60859375 0.109375 0.14609375
4 0.33046875 0.62734375 0.0765625 0.09140625
9 0.071875 0.6375 0.14375 0.225
4 0.31015625 0.74609375 0.0921875 0.1125
9 0.09296875 0.82890625 0.1859375 0.34140625
4 0.23359375 0.93125 0.1484375 0.1375