8 0.3453125 0.42109375 0.0625 0.0875
4 0.49609375 0.421875 0.0265625 0.03515625
4 0.40078125 0.43828125 0.0296875 0.03125
9 0.61796875 0.45546875 0.0484375 0.06484375
4 0.39609375 0.46171875 0.0359375 0.03515625
7 0.27109375 0.46328125 0.0546875 0.07734375
9 0.31171875 0.47265625 0.0640625 0.08359375
4 0.3875 0.478125 0.034375 0.04765625
7 0.2234375 0.49921875 0.0625 0.06875
4 0.37890625 0.52734375 0.0421875 0.05390625
4 0.53125 0.52734375 0.0625 0.07890625
7 0.159375 0.559375 0.1 0.11015625
4 0.36015625 0.59140625 0.0640625 0.07890625
0 0.215625 0.61015625 0.165625 0.21640625
9 0.05078125 0.678125 0.1015625 0.19765625
4 0.31484375 0.70703125 0.0859375 0.10625
4 0.2515625 0.9046875 0.146875 0.190625