4 0.50234375 0.37890625 0.0234375 0.04140625
4 0.49296875 0.40859375 0.0265625 0.04609375
9 0.2796875 0.43125 0.05 0.06640625
4 0.35078125 0.44921875 0.0296875 0.03515625
4 0.39140625 0.46015625 0.0390625 0.04609375
9 0.2265625 0.46640625 0.08125 0.08359375
4 0.37734375 0.528125 0.0484375 0.06875
9 0.24921875 0.534375 0.1203125 0.16484375
4 0.35390625 0.5875 0.0703125 0.075
8 0.1546875 0.65546875 0.2125 0.32265625
4 0.3265625 0.66171875 0.090625 0.10625
4 0.03046875 0.684375 0.0609375 0.09765625
4 0.2890625 0.75625 0.10625 0.14140625
9 0.059375 0.875 0.11875 0.25
4 0.259375 0.9109375 0.153125 0.178125