8 0.32578125 0.39609375 0.0484375 0.05859375
8 0.2984375 0.41796875 0.06875 0.07265625
4 0.4078125 0.42265625 0.025 0.04140625
4 0.35859375 0.43515625 0.0359375 0.04140625
4 0.4984375 0.43515625 0.053125 0.09609375
4 0.33828125 0.45859375 0.0296875 0.0625
4 0.38828125 0.5 0.0484375 0.10859375
9 0.16171875 0.52109375 0.1203125 0.11640625
9 0.2515625 0.5375 0.134375 0.17109375
4 0.528125 0.5375 0.071875 0.10390625
4 0.37578125 0.553125 0.0796875 0.06875
4 0.3453125 0.596875 0.071875 0.09375
4 0.32734375 0.659375 0.0796875 0.12734375
8 0.1421875 0.68515625 0.246875 0.34609375
4 0.2875 0.74609375 0.128125 0.1375
4 0.2546875 0.9125 0.1375 0.175