4 0.3578125 0.384375 0.0375 0.03515625
4 0.48515625 0.403125 0.0359375 0.04765625
7 0.5625 0.40546875 0.034375 0.05234375
4 0.3765625 0.41015625 0.025 0.02890625
4 0.528125 0.4125 0.0375 0.0375
4 0.4 0.42265625 0.021875 0.02890625
4 0.36328125 0.43359375 0.0328125 0.04140625
4 0.41015625 0.44765625 0.0296875 0.0375
4 0.5046875 0.44765625 0.040625 0.05390625
7 0.3328125 0.44921875 0.053125 0.08125
4 0.55546875 0.44921875 0.0421875 0.04765625
9 0.2640625 0.45703125 0.084375 0.10234375
4 0.62265625 0.46484375 0.0453125 0.0625
7 0.3078125 0.49140625 0.053125 0.07109375
4 0.37734375 0.50234375 0.0609375 0.05390625
4 0.59296875 0.50546875 0.0484375 0.07265625
9 0.16328125 0.53359375 0.1328125 0.15859375
4 0.36875 0.55703125 0.065625 0.05625
4 0.54453125 0.57421875 0.0703125 0.10625
4 0.04296875 0.61875 0.0859375 0.15390625
4 0.08515625 0.65234375 0.0953125 0.09609375
4 0.31640625 0.67890625 0.0828125 0.12890625
9 0.16171875 0.71171875 0.2015625 0.27734375
4 0.9109375 0.83671875 0.15 0.19375
4 0.0515625 0.93671875 0.103125 0.11015625
4 0.69921875 0.9359375 0.1640625 0.128125