9 0.334375 0.44375 0.05625 0.0625
8 0.66953125 0.46796875 0.0921875 0.10234375
4 0.38828125 0.471875 0.0390625 0.04375
7 0.2296875 0.49375 0.059375 0.09140625
4 0.38359375 0.50234375 0.0421875 0.04140625
0 0.28828125 0.51328125 0.0890625 0.13125
4 0.528125 0.525 0.046875 0.075
9 0.16328125 0.5375 0.0859375 0.07890625
4 0.3703125 0.54453125 0.05 0.06015625
0 0.675 0.55625 0.134375 0.19140625
4 0.34453125 0.609375 0.0640625 0.06484375
9 0.04609375 0.67421875 0.0921875 0.21875
4 0.32109375 0.690625 0.0859375 0.10625
4 0.60234375 0.703125 0.0828125 0.13984375
8 0.1375 0.715625 0.2375 0.29765625
9 0.8734375 0.82265625 0.253125 0.35390625
6 0.27265625 0.9 0.1421875 0.2