9 0.34921875 0.41875 0.0578125 0.08359375
4 0.39609375 0.44921875 0.0296875 0.03125
7 0.56953125 0.46796875 0.0421875 0.06484375
8 0.29375 0.490625 0.09375 0.15625
4 0.528125 0.51171875 0.046875 0.06875
4 0.378125 0.521875 0.053125 0.07734375
8 0.74375 0.54375 0.128125 0.18359375
7 0.16640625 0.54453125 0.0953125 0.09765625
7 0.63828125 0.559375 0.0828125 0.14765625
4 0.35703125 0.56875 0.0546875 0.07109375
9 0.1875 0.62578125 0.146875 0.18515625
7 0.05546875 0.678125 0.1109375 0.15234375
4 0.31484375 0.74609375 0.0921875 0.125
4 0.64375 0.79140625 0.1125 0.19609375