8 0.3453125 0.42109375 0.0625 0.0875
4 0.40078125 0.43828125 0.0296875 0.03125
4 0.503125 0.44375 0.03125 0.04140625
7 0.275 0.45703125 0.046875 0.06015625
4 0.39609375 0.46171875 0.0359375 0.03515625
9 0.31171875 0.47265625 0.0640625 0.08359375
4 0.3875 0.478125 0.034375 0.04765625
9 0.64765625 0.48125 0.0546875 0.08359375
7 0.225 0.48984375 0.046875 0.05859375
4 0.38046875 0.51796875 0.0359375 0.04765625
7 0.1671875 0.54765625 0.08125 0.10859375
4 0.36328125 0.58125 0.0609375 0.075
0 0.2265625 0.596875 0.153125 0.20625
4 0.56015625 0.596875 0.0703125 0.09765625
9 0.05625 0.66796875 0.1125 0.17734375
4 0.31796875 0.69140625 0.0796875 0.09609375
4 0.26484375 0.86171875 0.1296875 0.16484375