8 0.33203125 0.43984375 0.0671875 0.12109375
7 0.2296875 0.48984375 0.04375 0.08359375
4 0.384375 0.49296875 0.04375 0.06484375
4 0.51953125 0.5 0.0671875 0.075
9 0.278125 0.51328125 0.096875 0.11875
7 0.16953125 0.55625 0.0828125 0.09140625
4 0.359375 0.58125 0.06875 0.0875
8 0.81328125 0.60859375 0.1796875 0.25
7 0.0578125 0.61484375 0.115625 0.0875
4 0.58984375 0.70625 0.1078125 0.1625
4 0.33203125 0.71328125 0.0953125 0.13125
0 0.11015625 0.803125 0.2203125 0.38984375
4 0.24765625 0.92109375 0.1484375 0.14140625