9 0.28828125 0.43125 0.0640625 0.09609375
4 0.39140625 0.44140625 0.0265625 0.0375
4 0.51171875 0.453125 0.0328125 0.04375
4 0.34609375 0.45390625 0.0328125 0.04140625
4 0.23984375 0.4625 0.0359375 0.04140625
4 0.390625 0.48671875 0.040625 0.04765625
9 0.3171875 0.4875 0.071875 0.1
4 0.1921875 0.49453125 0.053125 0.05234375
4 0.52890625 0.51796875 0.0453125 0.06875
4 0.36875 0.5375 0.053125 0.06640625
4 0.18203125 0.55078125 0.0578125 0.07734375
4 0.73671875 0.58203125 0.0671875 0.08125
4 0.2421875 0.59609375 0.071875 0.09609375
7 0.078125 0.64453125 0.1375 0.16484375
4 0.3046875 0.653125 0.096875 0.10234375
4 0.7203125 0.703125 0.109375 0.13125
4 0.6046875 0.74453125 0.096875 0.16484375
4 0.06640625 0.91640625 0.1328125 0.16640625