4 0.38828125 0.471875 0.0390625 0.04375
7 0.2546875 0.475 0.053125 0.0875
0 0.31328125 0.48203125 0.0765625 0.11015625
9 0.20078125 0.50234375 0.0734375 0.06640625
4 0.38359375 0.50234375 0.0421875 0.04140625
0 0.5640625 0.50234375 0.103125 0.15390625
4 0.3703125 0.54453125 0.05 0.06015625
4 0.35078125 0.596875 0.0640625 0.06484375
9 0.09140625 0.609375 0.1140625 0.16484375
8 0.203125 0.62265625 0.159375 0.21640625
4 0.57109375 0.63828125 0.0765625 0.12734375
4 0.33125 0.65390625 0.075 0.1
8 0.86953125 0.665625 0.2328125 0.28125
6 0.30390625 0.79453125 0.1078125 0.15625