9 0.328125 0.4 0.034375 0.05859375
9 0.3625 0.4125 0.0375 0.05390625
8 0.28203125 0.42734375 0.0703125 0.1
4 0.40625 0.43828125 0.028125 0.03984375
4 0.4015625 0.47265625 0.0375 0.04140625
11 0.21640625 0.49765625 0.1109375 0.1625
8 0.2828125 0.50703125 0.09375 0.15234375
4 0.37421875 0.525 0.0515625 0.05390625
4 0.14765625 0.53359375 0.0578125 0.05859375
4 0.35234375 0.59296875 0.0640625 0.08125
7 0.08046875 0.66015625 0.1234375 0.15390625
6 0.3296875 0.70625 0.0875 0.125
4 0.18203125 0.71953125 0.1078125 0.11484375
4 0.29453125 0.83515625 0.1140625 0.14609375