4 0.36015625 0.42421875 0.0296875 0.03515625
7 0.3109375 0.425 0.034375 0.04140625
6 0.40703125 0.43671875 0.0296875 0.03984375
4 0.3375 0.44921875 0.028125 0.02734375
4 0.3375 0.47421875 0.03125 0.03984375
4 0.39765625 0.47421875 0.0359375 0.04765625
9 0.228125 0.4875 0.065625 0.09140625
9 0.28671875 0.521875 0.0671875 0.09375
4 0.38125 0.534375 0.05 0.05625
7 0.165625 0.53984375 0.078125 0.09609375
9 0.7796875 0.578125 0.125 0.18515625
9 0.07109375 0.64609375 0.1265625 0.19609375
7 0.1640625 0.67890625 0.134375 0.18359375
4 0.31484375 0.78203125 0.1046875 0.12734375