4 0.3140625 0.42734375 0.0375 0.04609375
4 0.35078125 0.44375 0.0359375 0.0375
9 0.56640625 0.44453125 0.0484375 0.08125
4 0.4078125 0.45 0.034375 0.0375
4 0.6140625 0.45625 0.0375 0.04140625
4 0.2625 0.46953125 0.0375 0.03984375
4 0.328125 0.48125 0.0375 0.04140625
4 0.384375 0.50234375 0.040625 0.05
4 0.31171875 0.50703125 0.0421875 0.05625
4 0.52109375 0.51484375 0.0453125 0.0625
7 0.68984375 0.521875 0.0734375 0.11875
4 0.6015625 0.52421875 0.046875 0.06875
8 0.1578125 0.5375 0.121875 0.1625
4 0.37578125 0.54296875 0.0453125 0.06484375
9 0.2578125 0.54765625 0.084375 0.12109375
4 0.3859375 0.58984375 0.059375 0.08359375
9 0.19375 0.64375 0.115625 0.15390625
4 0.31484375 0.678125 0.0921875 0.10625
8 0.03515625 0.68515625 0.0703125 0.19609375
4 0.58671875 0.753125 0.0890625 0.13984375
4 0.29140625 0.81015625 0.0984375 0.12109375
8 0.0921875 0.83125 0.184375 0.3375
4 0.23046875 0.94140625 0.1421875 0.11640625