7 0.35078125 0.38984375 0.0265625 0.0375
8 0.53359375 0.40390625 0.0453125 0.07109375
4 0.37578125 0.40625 0.0265625 0.03359375
4 0.41484375 0.41640625 0.0234375 0.02890625
4 0.4984375 0.43203125 0.028125 0.03125
9 0.29921875 0.434375 0.0421875 0.07734375
4 0.59609375 0.434375 0.0265625 0.03515625
9 0.35234375 0.43671875 0.0390625 0.05625
4 0.40546875 0.44921875 0.0328125 0.03515625
7 0.25546875 0.45859375 0.0515625 0.07109375
7 0.303125 0.48671875 0.05 0.09375
9 0.2125 0.50234375 0.06875 0.1
4 0.51796875 0.50703125 0.0484375 0.06484375
4 0.371875 0.559375 0.053125 0.06484375
9 0.25 0.57265625 0.0875 0.12109375
4 0.34296875 0.675 0.0828125 0.1125
4 0.15703125 0.80859375 0.1171875 0.11640625