4 0.38828125 0.471875 0.0390625 0.04375
7 0.259375 0.47265625 0.053125 0.0875
0 0.31328125 0.48203125 0.0765625 0.11015625
9 0.20078125 0.50234375 0.0734375 0.06640625
4 0.38359375 0.50234375 0.0421875 0.04140625
0 0.57734375 0.51640625 0.1109375 0.175
4 0.3703125 0.54453125 0.05 0.06015625
4 0.35078125 0.596875 0.0640625 0.06484375
9 0.1015625 0.59921875 0.10625 0.16484375
8 0.21796875 0.60546875 0.1453125 0.20234375
4 0.33125 0.65390625 0.075 0.1
4 0.58515625 0.67578125 0.0890625 0.13984375
8 0.88828125 0.69375 0.2234375 0.3
6 0.30390625 0.78046875 0.1078125 0.15625