9 0.30546875 0.41171875 0.0484375 0.07734375
7 0.33828125 0.44140625 0.0421875 0.05859375
4 0.403125 0.45078125 0.028125 0.04375
9 0.253125 0.459375 0.078125 0.11875
4 0.6359375 0.47890625 0.040625 0.05390625
4 0.38203125 0.48046875 0.0359375 0.04765625
4 0.32421875 0.48125 0.0359375 0.04609375
0 0.5875 0.48125 0.084375 0.12890625
4 0.13515625 0.54453125 0.0734375 0.07265625
9 0.271875 0.546875 0.090625 0.13984375
4 0.7234375 0.55625 0.08125 0.0875
4 0.17578125 0.56328125 0.0609375 0.06484375
4 0.36875 0.57578125 0.059375 0.07265625
4 0.58359375 0.68515625 0.0859375 0.14140625
4 0.72734375 0.70234375 0.1109375 0.15
4 0.03515625 0.71796875 0.0703125 0.13125
4 0.89609375 0.71875 0.1453125 0.1375
4 0.30234375 0.73359375 0.0953125 0.12890625
4 0.125 0.77265625 0.121875 0.15859375