9 0.35625 0.40625 0.05 0.075
4 0.50078125 0.44140625 0.0328125 0.04140625
4 0.40078125 0.44296875 0.0296875 0.03125
8 0.63359375 0.45078125 0.0640625 0.09375
8 0.31484375 0.459375 0.0734375 0.12265625
4 0.38828125 0.490625 0.0421875 0.05625
7 0.2078125 0.51875 0.0875 0.1
4 0.3734375 0.525 0.053125 0.0625
4 0.54765625 0.54921875 0.0609375 0.07265625
9 0.23984375 0.559375 0.1078125 0.13515625
7 0.1234375 0.60234375 0.10625 0.125
4 0.3421875 0.64921875 0.06875 0.09765625
4 0.3015625 0.82578125 0.109375 0.14765625