0 0.52109375 0.38828125 0.0296875 0.03984375
4 0.55859375 0.40234375 0.0171875 0.025
7 0.35546875 0.421875 0.0328125 0.05234375
4 0.590625 0.425 0.028125 0.03359375
4 0.5375 0.428125 0.025 0.03125
9 0.28984375 0.43046875 0.0484375 0.08125
4 0.496875 0.43203125 0.028125 0.03984375
4 0.39765625 0.43828125 0.0265625 0.03125
4 0.621875 0.45078125 0.0375 0.04765625
7 0.33515625 0.45390625 0.0421875 0.07109375
4 0.559375 0.47109375 0.034375 0.05390625
4 0.39140625 0.47578125 0.0328125 0.03515625
9 0.23046875 0.48203125 0.0921875 0.13125
4 0.61171875 0.52109375 0.0515625 0.05390625
4 0.28515625 0.525 0.0453125 0.0625
4 0.36796875 0.53671875 0.0453125 0.08125
4 0.52890625 0.5375 0.0328125 0.07109375
4 0.13984375 0.54296875 0.0515625 0.06875
7 0.72890625 0.55546875 0.0765625 0.09375
9 0.23125 0.61015625 0.134375 0.17890625
4 0.084375 0.684375 0.071875 0.10234375
4 0.33046875 0.69921875 0.0578125 0.08984375
4 0.59765625 0.71015625 0.0828125 0.12109375
4 0.9296875 0.78125 0.10625 0.17109375
4 0.81171875 0.83671875 0.1203125 0.19375