4 0.5078125 0.384375 0.021875 0.03125
4 0.5484375 0.38828125 0.025 0.03515625
4 0.4859375 0.40078125 0.01875 0.02734375
4 0.5734375 0.40703125 0.028125 0.03515625
4 0.5203125 0.4125 0.021875 0.02890625
4 0.41640625 0.42578125 0.0171875 0.03515625
4 0.54375 0.42890625 0.025 0.0375
9 0.27578125 0.43671875 0.0515625 0.09375
7 0.3453125 0.43671875 0.040625 0.06484375
4 0.48828125 0.43828125 0.0265625 0.03515625
7 0.6234375 0.45234375 0.0375 0.05390625
4 0.38984375 0.4625 0.0328125 0.0375
7 0.3234375 0.46328125 0.04375 0.08125
4 0.5171875 0.48359375 0.03125 0.05
4 0.61796875 0.48984375 0.0453125 0.05390625
9 0.20625 0.496875 0.1125 0.13984375
4 0.3828125 0.5125 0.034375 0.04609375
4 0.60078125 0.52109375 0.0421875 0.05390625
4 0.346875 0.5875 0.05 0.08359375
4 0.05234375 0.63203125 0.0859375 0.10625
9 0.2015625 0.63828125 0.15 0.19765625
4 0.71796875 0.65078125 0.0734375 0.11015625
4 0.6125 0.77890625 0.0875 0.14609375
4 0.04609375 0.81875 0.0890625 0.12890625
4 0.29140625 0.84609375 0.0765625 0.15859375