4 0.4796875 0.37421875 0.028125 0.03125
4 0.49140625 0.40390625 0.0359375 0.04140625
8 0.290625 0.434375 0.06875 0.10234375
4 0.39921875 0.44140625 0.0296875 0.04609375
4 0.3546875 0.44765625 0.04375 0.05
9 0.20390625 0.46875 0.0703125 0.07890625
4 0.321875 0.47890625 0.04375 0.04609375
4 0.38125 0.49140625 0.053125 0.05390625
7 0.65 0.49140625 0.05625 0.11640625
9 0.596875 0.49453125 0.065625 0.13125
9 0.2484375 0.54609375 0.153125 0.1875
4 0.37421875 0.54765625 0.0609375 0.07109375
9 0.08203125 0.60234375 0.1640625 0.18359375
4 0.34921875 0.603125 0.0765625 0.07734375
4 0.3296875 0.65859375 0.084375 0.12109375
8 0.121875 0.73515625 0.240625 0.40390625
4 0.2953125 0.759375 0.109375 0.15625
4 0.2609375 0.903125 0.146875 0.19375