10 0.5453125 0.42890625 0.034375 0.04609375
4 0.30390625 0.44140625 0.0328125 0.04140625
4 0.3421875 0.45078125 0.03125 0.04375
4 0.39140625 0.459375 0.0390625 0.04375
10 0.26796875 0.471875 0.0484375 0.06015625
4 0.3265625 0.47578125 0.040625 0.03984375
4 0.3953125 0.49140625 0.04375 0.04140625
4 0.5234375 0.49921875 0.05 0.05234375
4 0.31328125 0.50390625 0.0390625 0.04140625
4 0.3046875 0.53125 0.040625 0.06640625
4 0.37578125 0.534375 0.0515625 0.05625
4 0.20078125 0.53828125 0.0453125 0.05625
10 0.64609375 0.54921875 0.0796875 0.13984375
10 0.24609375 0.5625 0.0921875 0.125
4 0.37421875 0.56875 0.0484375 0.05390625
4 0.54765625 0.56953125 0.0609375 0.08984375
9 0.09375 0.57734375 0.153125 0.17109375
4 0.38203125 0.61328125 0.0671875 0.08515625
10 0.19453125 0.64296875 0.1203125 0.16484375
9 0.03515625 0.68359375 0.0703125 0.1875
4 0.3109375 0.69453125 0.09375 0.11015625
4 0.29140625 0.809375 0.1046875 0.12734375
9 0.09140625 0.82890625 0.1828125 0.34140625
4 0.228125 0.94140625 0.15 0.11640625