4 0.4734375 0.36640625 0.015625 0.02109375
4 0.4984375 0.36796875 0.015625 0.02265625
9 0.3375 0.38125 0.040625 0.05390625
4 0.4234375 0.40546875 0.025 0.02734375
7 0.36875 0.40625 0.03125 0.05
4 0.4078125 0.41015625 0.028125 0.03359375
9 0.30390625 0.41484375 0.0578125 0.07890625
7 0.35390625 0.42734375 0.0359375 0.05
4 0.49921875 0.43125 0.0265625 0.0375
4 0.271875 0.43203125 0.028125 0.03515625
4 0.3953125 0.43359375 0.028125 0.04140625
4 0.3484375 0.44765625 0.03125 0.0375
4 0.39921875 0.45859375 0.0359375 0.04140625
4 0.23515625 0.459375 0.0453125 0.04375
9 0.32421875 0.48046875 0.0578125 0.09765625
4 0.38671875 0.49765625 0.0453125 0.05859375
4 0.215625 0.51796875 0.053125 0.07265625
4 0.26640625 0.55703125 0.0671875 0.08515625
4 0.5515625 0.5625 0.05625 0.075
4 0.35078125 0.56796875 0.0671875 0.08125
7 0.146875 0.57421875 0.10625 0.14375
4 0.1546875 0.76171875 0.115625 0.13515625
4 0.65390625 0.86640625 0.1421875 0.22890625
4 0.2765625 0.87109375 0.146875 0.17890625