8 0.61015625 0.42578125 0.0546875 0.08125
0 0.55 0.428125 0.053125 0.08125
9 0.3265625 0.45390625 0.05625 0.07890625
4 0.5125 0.471875 0.03125 0.05625
4 0.3890625 0.475 0.034375 0.0375
9 0.6015625 0.49296875 0.075 0.11015625
4 0.38359375 0.50859375 0.0421875 0.04140625
7 0.203125 0.52265625 0.078125 0.1125
0 0.265625 0.54375 0.121875 0.1625
4 0.36796875 0.553125 0.0546875 0.06484375
9 0.13125 0.57421875 0.109375 0.11484375
4 0.54765625 0.61015625 0.0671875 0.09140625
4 0.33515625 0.63359375 0.0703125 0.08359375
4 0.30546875 0.73984375 0.1015625 0.12890625
8 0.11015625 0.809375 0.2203125 0.38125
4 0.67109375 0.90078125 0.1359375 0.19765625