0 0.3625 0.40078125 0.046875 0.06875
9 0.30078125 0.42890625 0.0453125 0.06640625
8 0.3328125 0.440625 0.065625 0.08515625
4 0.39921875 0.440625 0.0328125 0.04375
9 0.2640625 0.45390625 0.053125 0.08359375
4 0.38828125 0.49140625 0.0421875 0.05
9 0.29375 0.5125 0.065625 0.09609375
8 0.17265625 0.52265625 0.1328125 0.17890625
4 0.3734375 0.53203125 0.05 0.06015625
4 0.55234375 0.575 0.0609375 0.0875
4 0.34921875 0.5875 0.0578125 0.06640625
4 0.33125 0.64609375 0.075 0.1
11 0.06484375 0.69609375 0.1296875 0.2875
6 0.32734375 0.71796875 0.0859375 0.12734375
4 0.29375 0.8375 0.1125 0.15
4 0.67734375 0.9015625 0.1578125 0.196875