7 0.52109375 0.37578125 0.0328125 0.04765625
9 0.340625 0.37734375 0.034375 0.05
9 0.31875 0.40390625 0.053125 0.07890625
4 0.4234375 0.40546875 0.021875 0.02734375
4 0.40546875 0.41015625 0.0234375 0.02890625
4 0.53125 0.41640625 0.025 0.03359375
4 0.29140625 0.41796875 0.0265625 0.03515625
7 0.35703125 0.41875 0.0421875 0.05859375
4 0.396875 0.428125 0.03125 0.03515625
4 0.49921875 0.43046875 0.0296875 0.04765625
4 0.40078125 0.44375 0.0328125 0.02890625
4 0.253125 0.44453125 0.034375 0.03984375
7 0.33671875 0.45546875 0.0578125 0.08515625
4 0.39765625 0.46328125 0.0390625 0.04765625
4 0.26171875 0.46796875 0.0390625 0.05234375
4 0.3828125 0.49296875 0.05 0.06015625
4 0.17890625 0.50625 0.0421875 0.05859375
7 0.22109375 0.51015625 0.0828125 0.10390625
4 0.296875 0.51640625 0.053125 0.07109375
4 0.24453125 0.61875 0.0859375 0.1
4 0.34296875 0.61875 0.0796875 0.10390625
4 0.11796875 0.65078125 0.0921875 0.10234375
4 0.6390625 0.78984375 0.109375 0.175