4 0.48828125 0.39296875 0.0265625 0.04375
8 0.29453125 0.42734375 0.0609375 0.07890625
4 0.36015625 0.43828125 0.0421875 0.04375
4 0.50234375 0.44140625 0.0359375 0.05
4 0.3390625 0.47109375 0.040625 0.0375
4 0.38828125 0.49765625 0.0578125 0.0625
9 0.24140625 0.54296875 0.1421875 0.15625
4 0.37265625 0.54375 0.0609375 0.09609375
9 0.1265625 0.55859375 0.146875 0.15859375
4 0.3484375 0.59765625 0.05625 0.075
7 0.7734375 0.60234375 0.10625 0.15
9 0.678125 0.60703125 0.10625 0.19765625
4 0.334375 0.64921875 0.08125 0.11875
8 0.12421875 0.703125 0.2484375 0.36015625
4 0.29296875 0.7625 0.1265625 0.12890625
4 0.271875 0.909375 0.159375 0.18125