9 0.35703125 0.4125 0.0453125 0.07109375
8 0.61796875 0.43671875 0.0609375 0.09765625
4 0.39921875 0.44296875 0.0296875 0.03125
8 0.30859375 0.46328125 0.0796875 0.13125
4 0.384375 0.49375 0.04375 0.0625
4 0.53125 0.50546875 0.046875 0.06484375
7 0.2 0.521875 0.078125 0.08984375
4 0.36875 0.53828125 0.05 0.06484375
9 0.2375 0.571875 0.115625 0.14375
7 0.103125 0.61484375 0.109375 0.125
4 0.3328125 0.66484375 0.071875 0.09140625
7 0.8109375 0.82109375 0.146875 0.24140625
4 0.29375 0.86484375 0.125 0.15859375