8 0.265625 0.459375 0.071875 0.09375
4 0.32890625 0.478125 0.0359375 0.04765625
8 0.5953125 0.48359375 0.084375 0.15
4 0.37890625 0.51015625 0.0453125 0.0625
8 0.17265625 0.52421875 0.1296875 0.14765625
4 0.2984375 0.52421875 0.04375 0.05234375
7 0.7140625 0.534375 0.0875 0.14375
4 0.37265625 0.5625 0.0515625 0.07109375
4 0.54140625 0.56796875 0.0546875 0.07734375
4 0.26640625 0.57890625 0.0609375 0.08359375
4 0.3359375 0.63984375 0.06875 0.07890625
4 0.66015625 0.71953125 0.0984375 0.14765625
4 0.2890625 0.796875 0.125 0.17734375
9 0.103125 0.7984375 0.20625 0.403125