7 0.34453125 0.39609375 0.0265625 0.0375
6 0.41484375 0.4 0.0265625 0.025
4 0.38046875 0.40078125 0.0296875 0.03515625
4 0.37421875 0.4125 0.0265625 0.03359375
4 0.40859375 0.42890625 0.0234375 0.02890625
9 0.29296875 0.43203125 0.0421875 0.05234375
9 0.34765625 0.44453125 0.0390625 0.05625
4 0.40078125 0.459375 0.0328125 0.03515625
4 0.50390625 0.4625 0.0390625 0.05390625
7 0.24765625 0.46640625 0.0453125 0.07109375
7 0.2984375 0.496875 0.0625 0.08984375
9 0.203125 0.50859375 0.075 0.1
4 0.3671875 0.57265625 0.05625 0.075
9 0.23125 0.60390625 0.090625 0.14609375
4 0.33203125 0.715625 0.0890625 0.11875
4 0.11015625 0.89609375 0.1453125 0.14140625