0 0.51640625 0.38125 0.0296875 0.0375
4 0.5515625 0.39296875 0.01875 0.02734375
4 0.53046875 0.41484375 0.0234375 0.0375
4 0.49140625 0.42109375 0.0265625 0.025
4 0.5796875 0.42109375 0.025 0.03359375
7 0.35234375 0.42578125 0.0359375 0.05234375
9 0.284375 0.43125 0.05625 0.08359375
4 0.396875 0.44296875 0.028125 0.03515625
4 0.609375 0.44453125 0.03125 0.04375
4 0.54765625 0.453125 0.0359375 0.04765625
7 0.33203125 0.45625 0.0421875 0.05859375
4 0.39140625 0.48671875 0.0359375 0.04765625
9 0.22265625 0.48984375 0.0921875 0.13359375
4 0.5859375 0.48984375 0.040625 0.05390625
4 0.5125 0.49375 0.040625 0.04609375
7 0.68984375 0.51796875 0.0546875 0.07734375
4 0.275 0.53203125 0.059375 0.05234375
4 0.36328125 0.54375 0.0484375 0.0625
4 0.1234375 0.56171875 0.065625 0.07265625
9 0.2234375 0.61015625 0.128125 0.17109375
4 0.5640625 0.615625 0.06875 0.09375
4 0.79921875 0.65234375 0.1046875 0.1375
4 0.725 0.696875 0.09375 0.12734375
4 0.08203125 0.71328125 0.0828125 0.10625
4 0.32265625 0.72109375 0.0671875 0.09609375