7 0.5078125 0.34609375 0.0125 0.025
4 0.4671875 0.346875 0.0125 0.01484375
7 0.4890625 0.34765625 0.015625 0.025
7 0.5265625 0.36484375 0.025 0.0375
4 0.47578125 0.36796875 0.0140625 0.01875
4 0.48515625 0.38359375 0.0203125 0.02109375
8 0.34296875 0.38828125 0.0296875 0.04375
4 0.48515625 0.40625 0.0203125 0.03359375
4 0.36484375 0.42109375 0.0203125 0.02890625
4 0.40703125 0.42109375 0.0203125 0.02890625
7 0.55 0.43203125 0.028125 0.05625
9 0.315625 0.46484375 0.078125 0.125
9 0.59375 0.46953125 0.0625 0.10234375
7 0.240625 0.471875 0.05 0.07265625
4 0.396875 0.471875 0.03125 0.04375
4 0.52421875 0.50703125 0.0421875 0.06875
4 0.38359375 0.50859375 0.0421875 0.05390625
8 0.1625 0.64921875 0.21875 0.30234375
4 0.3328125 0.65 0.075 0.1125
4 0.2953125 0.73984375 0.096875 0.11640625
9 0.05625 0.86640625 0.1125 0.26640625
4 0.2609375 0.90078125 0.128125 0.16484375