7 0.29375 0.42578125 0.04375 0.05234375
7 0.3375 0.44609375 0.040625 0.0625
7 0.64921875 0.46484375 0.0484375 0.07890625
9 0.25625 0.46953125 0.05625 0.10234375
8 0.5796875 0.47421875 0.075 0.09765625
4 0.51171875 0.49296875 0.0421875 0.06484375
9 0.303125 0.49921875 0.059375 0.08984375
4 0.3859375 0.50625 0.040625 0.05859375
4 0.70859375 0.55546875 0.0640625 0.08125
4 0.365625 0.58046875 0.065625 0.07734375
8 0.1140625 0.58203125 0.153125 0.18984375
4 0.26015625 0.62890625 0.0703125 0.07890625
4 0.58984375 0.66328125 0.0890625 0.11015625
4 0.30703125 0.790625 0.1109375 0.14375