8 0.31328125 0.40703125 0.0390625 0.07265625
7 0.58828125 0.41953125 0.0421875 0.07265625
9 0.553125 0.43359375 0.040625 0.08359375
4 0.3921875 0.43984375 0.028125 0.05390625
8 0.2828125 0.44609375 0.059375 0.08359375
4 0.34453125 0.45078125 0.0546875 0.04765625
4 0.3234375 0.47890625 0.05 0.0625
4 0.38046875 0.50546875 0.0546875 0.06015625
9 0.175 0.5125 0.078125 0.11640625
9 0.228125 0.553125 0.134375 0.18984375
4 0.3703125 0.56171875 0.05625 0.08125
4 0.346875 0.59765625 0.059375 0.07109375
4 0.56328125 0.63984375 0.0796875 0.12109375
4 0.33125 0.653125 0.08125 0.09375
4 0.28828125 0.75234375 0.1109375 0.14140625
8 0.1078125 0.77890625 0.215625 0.44140625
4 0.26796875 0.9125 0.1359375 0.16640625