10 0.5515625 0.43984375 0.034375 0.04609375
10 0.27421875 0.465625 0.0484375 0.06015625
4 0.3265625 0.47421875 0.040625 0.03984375
4 0.3953125 0.49140625 0.040625 0.05
4 0.31484375 0.503125 0.0421875 0.03984375
4 0.209375 0.52734375 0.040625 0.04609375
4 0.53359375 0.52734375 0.0546875 0.0625
4 0.3046875 0.53125 0.040625 0.06640625
4 0.37734375 0.53203125 0.0484375 0.05625
10 0.24609375 0.5625 0.0921875 0.125
4 0.3734375 0.56953125 0.05 0.05625
9 0.0953125 0.57734375 0.153125 0.17109375
10 0.690625 0.6125 0.09375 0.16640625
4 0.38203125 0.61328125 0.0671875 0.08515625
4 0.5609375 0.61875 0.071875 0.10859375
10 0.19609375 0.640625 0.1171875 0.16015625
9 0.03515625 0.68359375 0.0703125 0.1875
4 0.3125 0.69140625 0.090625 0.10390625
4 0.29375 0.80859375 0.1 0.125
9 0.09140625 0.82890625 0.1828125 0.34140625