7 0.321875 0.41484375 0.034375 0.04140625
4 0.4921875 0.41796875 0.028125 0.03515625
4 0.36796875 0.41953125 0.0296875 0.03515625
6 0.40703125 0.43671875 0.0296875 0.03984375
7 0.5984375 0.4375 0.0375 0.05
4 0.346875 0.453125 0.03125 0.03984375
7 0.575 0.465625 0.046875 0.06875
4 0.39765625 0.47421875 0.0359375 0.04765625
9 0.23828125 0.48125 0.0609375 0.0875
9 0.3046875 0.49609375 0.059375 0.0875
4 0.3875 0.51640625 0.04375 0.05
7 0.18515625 0.52109375 0.0703125 0.09140625
4 0.52578125 0.521875 0.0453125 0.06875
9 0.109375 0.60078125 0.10625 0.16015625
7 0.2109375 0.615625 0.1 0.13984375
4 0.328125 0.71484375 0.084375 0.1125