7 0.33828125 0.39765625 0.0265625 0.0375
7 0.30859375 0.42734375 0.0359375 0.04609375
4 0.35546875 0.428125 0.0296875 0.03515625
6 0.40234375 0.44453125 0.0296875 0.03984375
4 0.3296875 0.453125 0.028125 0.02734375
4 0.39375 0.48046875 0.0375 0.04765625
4 0.33203125 0.48125 0.0359375 0.04140625
9 0.2171875 0.5 0.065625 0.09609375
9 0.721875 0.528125 0.1 0.15234375
4 0.3796875 0.540625 0.05 0.06015625
9 0.275 0.54140625 0.071875 0.10859375
7 0.15234375 0.55234375 0.0921875 0.10390625
9 0.06015625 0.653125 0.1203125 0.18984375
7 0.1375 0.72109375 0.14375 0.18359375
4 0.303125 0.80859375 0.109375 0.14140625