7 0.3375 0.40390625 0.03125 0.0375
4 0.37265625 0.40546875 0.0296875 0.03515625
6 0.41171875 0.42109375 0.0296875 0.03359375
4 0.35703125 0.43125 0.0265625 0.03359375
4 0.40625 0.44453125 0.03125 0.03984375
9 0.27109375 0.45078125 0.0484375 0.07265625
9 0.32890625 0.46875 0.0453125 0.075
4 0.39375 0.48671875 0.040625 0.04765625
7 0.2234375 0.49140625 0.0625 0.08359375
7 0.2671875 0.534375 0.08125 0.11015625
9 0.16953125 0.53984375 0.0890625 0.125
4 0.5484375 0.57421875 0.065625 0.09375
7 0.77578125 0.61328125 0.1109375 0.11015625
4 0.353125 0.62734375 0.065625 0.08359375
7 0.7296875 0.68203125 0.115625 0.18984375
9 0.17421875 0.690625 0.1265625 0.18515625
4 0.31171875 0.796875 0.1140625 0.14375