9 0.353125 0.36484375 0.03125 0.04609375
9 0.33125 0.396875 0.04375 0.06875
4 0.4234375 0.40546875 0.021875 0.02734375
4 0.40390625 0.41015625 0.0234375 0.02890625
4 0.29296875 0.4125 0.0328125 0.0375
7 0.3625 0.4125 0.0375 0.05
4 0.396875 0.43203125 0.03125 0.03515625
7 0.57109375 0.44453125 0.0546875 0.09375
9 0.34140625 0.45 0.0484375 0.07890625
4 0.39921875 0.45234375 0.0359375 0.04609375
7 0.26953125 0.46484375 0.0609375 0.0875
4 0.390625 0.475 0.040625 0.04609375
4 0.309375 0.49765625 0.046875 0.06640625
4 0.36875 0.53046875 0.053125 0.06875
4 0.62265625 0.53984375 0.0671875 0.0875
4 0.2046875 0.54140625 0.059375 0.07109375
4 0.26953125 0.56875 0.0609375 0.07890625
4 0.6671875 0.64140625 0.096875 0.11640625
4 0.03125 0.6625 0.0625 0.09140625
4 0.625 0.74140625 0.109375 0.175
4 0.15703125 0.75078125 0.1171875 0.15625
4 0.22421875 0.91875 0.1703125 0.1625