8 0.328125 0.44609375 0.071875 0.125
4 0.37734375 0.48984375 0.0421875 0.05859375
7 0.21953125 0.490625 0.0578125 0.07265625
4 0.51640625 0.49375 0.0546875 0.07890625
9 0.27734375 0.51796875 0.0984375 0.13984375
7 0.16796875 0.55625 0.1015625 0.10859375
8 0.790625 0.578125 0.165625 0.21015625
4 0.35390625 0.58984375 0.0671875 0.09140625
7 0.065625 0.634375 0.121875 0.11015625
4 0.571875 0.653125 0.084375 0.13984375
4 0.3265625 0.70703125 0.096875 0.12265625
0 0.10859375 0.80390625 0.2171875 0.37109375
4 0.24140625 0.93046875 0.1671875 0.13125