8 0.3125 0.4125 0.05625 0.07109375
9 0.25703125 0.43671875 0.0640625 0.06484375
4 0.34140625 0.459375 0.0421875 0.05234375
4 0.3859375 0.47734375 0.040625 0.07109375
9 0.18515625 0.51484375 0.1109375 0.12890625
4 0.52734375 0.53203125 0.0578125 0.08515625
9 0.25390625 0.53828125 0.1296875 0.17265625
4 0.37578125 0.54609375 0.0578125 0.075
4 0.35078125 0.59375 0.0609375 0.075
4 0.3359375 0.66796875 0.103125 0.11484375
8 0.15 0.67109375 0.234375 0.31640625
4 0.29453125 0.75546875 0.1265625 0.14375
9 0.0515625 0.87265625 0.103125 0.25390625
4 0.6609375 0.90078125 0.15 0.19765625
4 0.26796875 0.9078125 0.1453125 0.184375