4 0.4796875 0.378125 0.028125 0.03125
4 0.49453125 0.41171875 0.0359375 0.03515625
8 0.29140625 0.43203125 0.0640625 0.07265625
4 0.39921875 0.434375 0.0546875 0.04375
4 0.35390625 0.44296875 0.0421875 0.05234375
9 0.21328125 0.46796875 0.0640625 0.06015625
4 0.32734375 0.48125 0.0453125 0.05390625
4 0.38203125 0.50234375 0.0671875 0.05859375
7 0.671875 0.5125 0.053125 0.09140625
9 0.61328125 0.51640625 0.0671875 0.13359375
9 0.2453125 0.54765625 0.15 0.1875
9 0.08828125 0.55234375 0.1484375 0.14609375
4 0.37421875 0.55625 0.0734375 0.09140625
4 0.34453125 0.60546875 0.0796875 0.09765625
4 0.32734375 0.65703125 0.1015625 0.12265625
8 0.12421875 0.728125 0.2484375 0.41484375
4 0.296875 0.74765625 0.140625 0.14140625
4 0.26484375 0.9109375 0.1421875 0.178125