8 0.3421875 0.41875 0.0625 0.0875
4 0.4953125 0.41875 0.025 0.0375
4 0.40078125 0.43828125 0.0296875 0.03125
9 0.6109375 0.44921875 0.04375 0.05625
4 0.39609375 0.46171875 0.0359375 0.03515625
7 0.26484375 0.47578125 0.0546875 0.07734375
4 0.3875 0.478125 0.034375 0.04765625
9 0.30546875 0.48515625 0.0640625 0.08359375
4 0.521875 0.50625 0.053125 0.0625
7 0.2140625 0.50703125 0.0625 0.06484375
4 0.37890625 0.52734375 0.0421875 0.05390625
7 0.1453125 0.56796875 0.1 0.11015625
4 0.36015625 0.6 0.0640625 0.07890625
0 0.2140625 0.61484375 0.16875 0.225
4 0.31328125 0.715625 0.0859375 0.10625
4 0.2515625 0.91328125 0.153125 0.17265625