8 0.62890625 0.4375 0.0546875 0.0875
4 0.4984375 0.44921875 0.0375 0.04765625
9 0.3328125 0.45 0.05625 0.0625
0 0.578125 0.45625 0.071875 0.10390625
4 0.38828125 0.471875 0.0390625 0.04375
7 0.21640625 0.50234375 0.0640625 0.09609375
4 0.38359375 0.50234375 0.0421875 0.04140625
4 0.53203125 0.51875 0.0453125 0.06640625
0 0.275 0.52890625 0.10625 0.14609375
4 0.3703125 0.55 0.05 0.06640625
9 0.6484375 0.55625 0.09375 0.1375
9 0.13828125 0.5625 0.1015625 0.1
4 0.33828125 0.61953125 0.0703125 0.07734375
4 0.3125 0.70859375 0.0875 0.10859375
4 0.590625 0.74609375 0.096875 0.15390625
8 0.11796875 0.78515625 0.2359375 0.37890625