8 0.36953125 0.396875 0.0390625 0.05625
9 0.31015625 0.41328125 0.0390625 0.06484375
9 0.34921875 0.43359375 0.0453125 0.06640625
8 0.25078125 0.44609375 0.0734375 0.1125
4 0.3984375 0.46171875 0.028125 0.03984375
9 0.57421875 0.4625 0.0640625 0.09140625
4 0.38828125 0.49921875 0.0421875 0.05234375
11 0.159375 0.55546875 0.171875 0.21484375
4 0.35859375 0.5625 0.0515625 0.05390625
8 0.21796875 0.60234375 0.1234375 0.21640625
4 0.3359375 0.62421875 0.0625 0.07734375
6 0.325 0.71640625 0.090625 0.12109375
4 0.29296875 0.83515625 0.1140625 0.14609375