9 0.3546875 0.371875 0.03125 0.04765625
8 0.5125 0.37578125 0.028125 0.05234375
4 0.47421875 0.38125 0.0140625 0.025
7 0.32890625 0.40078125 0.0328125 0.04375
7 0.36484375 0.40546875 0.0296875 0.04375
4 0.4 0.40703125 0.025 0.01875
4 0.48125 0.40703125 0.021875 0.03125
4 0.27890625 0.428125 0.0296875 0.02734375
4 0.3984375 0.42890625 0.028125 0.02890625
4 0.30859375 0.43125 0.0265625 0.03359375
4 0.496875 0.43125 0.025 0.03359375
9 0.34921875 0.43515625 0.0359375 0.0625
4 0.403125 0.45 0.03125 0.03359375
4 0.334375 0.46171875 0.0375 0.05234375
4 0.2765625 0.4625 0.03125 0.0375
4 0.3921875 0.46875 0.034375 0.04140625
4 0.378125 0.49453125 0.0375 0.05234375
8 0.20234375 0.50234375 0.0984375 0.12890625
4 0.30625 0.509375 0.046875 0.05625
4 0.371875 0.52109375 0.046875 0.0625
4 0.26875 0.57421875 0.059375 0.06484375
8 0.0796875 0.62421875 0.159375 0.21875
4 0.34609375 0.65859375 0.0703125 0.09140625
4 0.19140625 0.70546875 0.0921875 0.12265625
4 0.26328125 0.846875 0.1140625 0.13984375