9 0.359375 0.40546875 0.04375 0.06484375
4 0.40078125 0.44296875 0.0296875 0.03125
8 0.32578125 0.45234375 0.0671875 0.1125
4 0.50546875 0.46328125 0.0390625 0.05625
4 0.39296875 0.48046875 0.0421875 0.05625
7 0.225 0.50546875 0.071875 0.09765625
4 0.3796875 0.51171875 0.046875 0.05625
9 0.26796875 0.53359375 0.0890625 0.1125
8 0.73984375 0.54453125 0.1203125 0.15234375
7 0.1515625 0.57109375 0.090625 0.10390625
4 0.54453125 0.571875 0.0578125 0.09765625
4 0.35234375 0.59921875 0.0578125 0.08125
7 0.0484375 0.64296875 0.096875 0.09375
4 0.325 0.72734375 0.096875 0.11640625
0 0.0984375 0.815625 0.196875 0.36875