11 0.5859375 0.46484375 0.08125 0.11640625
7 0.26484375 0.465625 0.0515625 0.07265625
0 0.32109375 0.46796875 0.0671875 0.10234375
4 0.38828125 0.471875 0.0390625 0.04375
4 0.5078125 0.48046875 0.040625 0.05234375
9 0.2109375 0.50234375 0.065625 0.06640625
4 0.38359375 0.50234375 0.0421875 0.04140625
4 0.3703125 0.54453125 0.05 0.06015625
8 0.23515625 0.58046875 0.1234375 0.18125
9 0.11953125 0.5875 0.0953125 0.15390625
4 0.35078125 0.596875 0.0640625 0.06484375
4 0.33125 0.65390625 0.075 0.1
0 0.671875 0.65625 0.196875 0.30390625
6 0.3140625 0.75703125 0.103125 0.14765625
9 0.08046875 0.8484375 0.1609375 0.303125