9 0.5359375 0.40390625 0.040625 0.075
8 0.2984375 0.4125 0.0625 0.08359375
4 0.409375 0.42421875 0.028125 0.03984375
4 0.496875 0.446875 0.028125 0.03515625
4 0.40390625 0.45390625 0.0328125 0.04140625
11 0.24140625 0.46796875 0.0796875 0.13515625
8 0.3078125 0.46796875 0.078125 0.11015625
7 0.64609375 0.48984375 0.0578125 0.0625
4 0.3828125 0.5 0.046875 0.05390625
4 0.36328125 0.57421875 0.0640625 0.08125
4 0.2609375 0.584375 0.071875 0.07265625
7 0.15546875 0.59140625 0.1015625 0.12890625
6 0.33984375 0.66796875 0.0796875 0.11015625
4 0.303125 0.81015625 0.10625 0.14609375