4 0.56484375 0.4 0.0359375 0.0375
4 0.53046875 0.40703125 0.0328125 0.03984375
4 0.48828125 0.41875 0.0328125 0.04609375
4 0.41640625 0.42734375 0.0390625 0.05
7 0.60078125 0.43828125 0.0453125 0.05625
7 0.34375 0.440625 0.046875 0.07734375
9 0.27265625 0.44140625 0.0703125 0.10390625
4 0.56953125 0.45 0.0453125 0.04609375
4 0.50703125 0.45546875 0.0421875 0.05625
7 0.325 0.46875 0.05625 0.0875
4 0.3890625 0.47109375 0.065625 0.05
4 0.57421875 0.48125 0.0484375 0.05859375
9 0.1953125 0.51171875 0.11875 0.14375
4 0.38125 0.521875 0.05625 0.06484375
4 0.13828125 0.534375 0.0390625 0.06484375
4 0.64921875 0.5625 0.0828125 0.1
4 0.15390625 0.58984375 0.0828125 0.1
4 0.340625 0.60390625 0.078125 0.1125
4 0.5609375 0.61796875 0.084375 0.12734375
9 0.18828125 0.66015625 0.1578125 0.22890625
4 0.0328125 0.66640625 0.065625 0.14609375
4 0.87734375 0.71328125 0.1390625 0.17734375
4 0.80546875 0.82421875 0.1546875 0.20625
4 0.053125 0.859375 0.10625 0.16484375
4 0.2796875 0.89921875 0.14375 0.17734375