9 0.359375 0.40546875 0.04375 0.06484375
8 0.33203125 0.43359375 0.0671875 0.10390625
4 0.40078125 0.43828125 0.0296875 0.03125
4 0.39453125 0.46953125 0.0359375 0.03515625
7 0.24453125 0.48828125 0.0609375 0.08125
4 0.38203125 0.49609375 0.0390625 0.05
9 0.2890625 0.50703125 0.078125 0.11015625
7 0.18203125 0.53828125 0.0796875 0.08515625
4 0.36796875 0.559375 0.0515625 0.07265625
7 0.0859375 0.60859375 0.13125 0.12109375
4 0.340625 0.66640625 0.08125 0.09609375
4 0.59453125 0.71484375 0.1015625 0.15390625
0 0.12421875 0.74609375 0.2484375 0.35390625
4 0.2734375 0.85078125 0.121875 0.15234375