8 0.490625 0.34609375 0.01875 0.0375
4 0.46953125 0.36171875 0.0109375 0.01484375
9 0.34375 0.384375 0.034375 0.05625
7 0.36640625 0.40546875 0.0296875 0.04375
4 0.4 0.40703125 0.025 0.01875
7 0.31328125 0.41796875 0.0421875 0.06015625
4 0.3984375 0.42890625 0.028125 0.02890625
4 0.275 0.43046875 0.034375 0.03125
4 0.5546875 0.44140625 0.03125 0.04140625
9 0.34375 0.44375 0.04375 0.07109375
4 0.4 0.45390625 0.03125 0.03359375
4 0.278125 0.46796875 0.034375 0.03984375
4 0.3921875 0.47109375 0.034375 0.04140625
4 0.3234375 0.47578125 0.0375 0.05234375
4 0.378125 0.49453125 0.0375 0.05234375
4 0.28125 0.51796875 0.04375 0.05625
4 0.2734375 0.56171875 0.059375 0.07265625
4 0.3546875 0.56953125 0.059375 0.08515625
8 0.10703125 0.57890625 0.1734375 0.19609375
4 0.04296875 0.61171875 0.0734375 0.06875
4 0.21484375 0.671875 0.0859375 0.09765625
4 0.2421875 0.95390625 0.153125 0.09140625