7 0.32890625 0.40859375 0.0296875 0.05
4 0.40625 0.421875 0.028125 0.02734375
9 0.60859375 0.42734375 0.0515625 0.07890625
7 0.2859375 0.44609375 0.040625 0.05859375
4 0.3390625 0.45546875 0.03125 0.04375
6 0.39765625 0.465625 0.0296875 0.04765625
4 0.30625 0.48671875 0.034375 0.03515625
4 0.390625 0.50546875 0.0375 0.04765625
4 0.309375 0.51796875 0.04375 0.05625
9 0.19296875 0.52265625 0.0828125 0.1125
4 0.36640625 0.5875 0.0640625 0.07109375
9 0.23828125 0.59453125 0.1078125 0.13515625
7 0.10234375 0.60546875 0.1046875 0.14375
4 0.9125 0.90625 0.175 0.1875