9 0.27421875 0.44609375 0.0671875 0.10859375
4 0.3875 0.45703125 0.034375 0.04375
4 0.33828125 0.46875 0.0328125 0.04140625
4 0.20390625 0.490625 0.0515625 0.04765625
4 0.51015625 0.49375 0.0359375 0.0625
7 0.59453125 0.50390625 0.0609375 0.10390625
9 0.29609375 0.51640625 0.0828125 0.12109375
4 0.21015625 0.52109375 0.0453125 0.05390625
4 0.3828125 0.52734375 0.046875 0.05390625
4 0.51953125 0.55390625 0.0515625 0.0625
4 0.0515625 0.61171875 0.065625 0.08984375
4 0.3359375 0.62734375 0.075 0.10390625
4 0.0984375 0.63671875 0.08125 0.10625
4 0.18125 0.68515625 0.1 0.12890625
0 0.765625 0.70234375 0.253125 0.35390625
4 0.94765625 0.80234375 0.1046875 0.17109375
4 0.0890625 0.884375 0.1625 0.17265625