8 0.36953125 0.396875 0.0390625 0.05625
9 0.3234375 0.40859375 0.034375 0.05859375
9 0.3625 0.41796875 0.04375 0.06015625
8 0.27265625 0.43359375 0.0765625 0.1
4 0.4015625 0.45078125 0.028125 0.03984375
4 0.39765625 0.48203125 0.0421875 0.05234375
11 0.1828125 0.52734375 0.140625 0.19140625
8 0.2546875 0.54765625 0.109375 0.175
4 0.36171875 0.54765625 0.0515625 0.05390625
9 0.678125 0.60078125 0.125 0.20234375
4 0.346875 0.60625 0.06875 0.08359375
6 0.325 0.71640625 0.090625 0.12109375
4 0.29453125 0.83515625 0.1140625 0.14609375