8 0.5 0.36015625 0.025 0.04609375
9 0.35 0.37421875 0.03125 0.04765625
4 0.48046875 0.38828125 0.0171875 0.01875
7 0.36640625 0.40546875 0.0296875 0.04375
4 0.4 0.40703125 0.025 0.01875
7 0.32109375 0.41328125 0.0328125 0.04375
4 0.3984375 0.42890625 0.028125 0.02890625
9 0.34921875 0.43515625 0.0359375 0.0625
4 0.30234375 0.44140625 0.0265625 0.03359375
4 0.403125 0.45 0.03125 0.03359375
4 0.33125 0.46328125 0.0375 0.05234375
4 0.23046875 0.465625 0.0265625 0.03515625
4 0.3921875 0.46875 0.034375 0.04140625
4 0.275 0.48515625 0.0375 0.04140625
4 0.378125 0.49453125 0.0375 0.05234375
8 0.1640625 0.528125 0.134375 0.15234375
4 0.28984375 0.53125 0.0484375 0.0625
4 0.36796875 0.53984375 0.0546875 0.07890625
4 0.24765625 0.615625 0.0703125 0.08125
4 0.7046875 0.65546875 0.090625 0.11015625
8 0.05546875 0.69296875 0.1109375 0.27265625
4 0.3203125 0.75390625 0.096875 0.12890625
4 0.11640625 0.83203125 0.1296875 0.17734375
4 0.2046875 0.98125 0.13125 0.0375