4 0.5046875 0.41015625 0.025 0.0375
7 0.29609375 0.42890625 0.0453125 0.06640625
0 0.3453125 0.43359375 0.059375 0.0875
9 0.26328125 0.44296875 0.0484375 0.04375
4 0.38828125 0.471875 0.0390625 0.04375
4 0.51171875 0.48515625 0.0453125 0.0625
8 0.29296875 0.49296875 0.0953125 0.12734375
9 0.21875 0.5 0.071875 0.10859375
4 0.38359375 0.50234375 0.0421875 0.04140625
4 0.62265625 0.53671875 0.0578125 0.08984375
4 0.3734375 0.540625 0.05 0.06015625
4 0.35234375 0.58671875 0.0640625 0.06484375
4 0.55234375 0.61171875 0.0703125 0.11015625
9 0.2203125 0.61875 0.1125 0.15
4 0.33125 0.64765625 0.075 0.1
8 0.07265625 0.66015625 0.1453125 0.325
6 0.32890625 0.71796875 0.0859375 0.12734375
4 0.290625 0.84375 0.1125 0.15