4 0.37734375 0.39921875 0.0265625 0.03515625
4 0.48203125 0.40234375 0.0265625 0.02890625
4 0.409375 0.40703125 0.028125 0.03515625
4 0.57421875 0.41953125 0.0328125 0.04375
10 0.29140625 0.428125 0.0453125 0.06875
3 0.39296875 0.44921875 0.0421875 0.06875
4 0.50859375 0.45546875 0.0359375 0.05234375
10 0.3328125 0.459375 0.05 0.08125
1 0.628125 0.521875 0.096875 0.12265625
10 0.3765625 0.52265625 0.05 0.08359375
4 0.58984375 0.63828125 0.0828125 0.11015625
9 0.04609375 0.728125 0.0921875 0.29375