9 0.52109375 0.37890625 0.0390625 0.07109375
4 0.58203125 0.403125 0.0265625 0.03515625
4 0.48984375 0.40859375 0.0296875 0.0375
4 0.40546875 0.42109375 0.0234375 0.03359375
10 0.34375 0.45 0.034375 0.04609375
4 0.50625 0.45078125 0.034375 0.05234375
9 0.246875 0.459375 0.05625 0.10625
9 0.28359375 0.503125 0.0828125 0.13125
9 0.7109375 0.528125 0.0875 0.15234375
4 0.36953125 0.53046875 0.0484375 0.06484375
9 0.1015625 0.58046875 0.121875 0.17265625
4 0.571875 0.690625 0.078125 0.13515625
9 0.0703125 0.8203125 0.140625 0.359375
3 0.85703125 0.8828125 0.1671875 0.234375